camera: 1
depth_scaling: 65.536
frame: 34
id: '01_0034'
image: frames/00034.pgm
intrinsics: [573.679, 0, 320.0, 0, 573.679, 240.0, 0, 0, 1]
pose: [-0.9903602026957644, 0.05803999854772985, 0.1257697399416249, 0.3137319048354426,
  -0.08180557007141948, 0.48763936207356473, -0.8692040619220421, 1.2278385205271665,
  -0.11177887824492824, -0.8711137762227541, -0.47819062229746734, 0.6488699616713329,
  0.0, 0.0, 0.0, 1.0]
rgb: frames/00034.ppm
timestamp: 4.435279
