camera: 1
depth_scaling: 65.536
frame: 76
id: '01_0076'
image: frames/00076.pgm
intrinsics: [573.679, 0, 320.0, 0, 573.679, 240.0, 0, 0, 1]
pose: [-0.9174518543776158, -0.12134857027525045, 0.37888866358235995, 0.02917418780998937,
  -0.3907132467266105, 0.4543531669999265, -0.8005662736272916, 1.16571595386736,
  -0.07500169152375818, -0.8825178321877067, -0.46425964948430043, 0.6432178251111,
  0.0, 0.0, 0.0, 1.0]
rgb: frames/00076.ppm
timestamp: 10.539038
