camera: 1
depth_scaling: 65.536
frame: 53
id: '01_0053'
image: frames/00053.pgm
intrinsics: [573.679, 0, 320.0, 0, 573.679, 240.0, 0, 0, 1]
pose: [-0.9364592507271402, -0.08387732231743586, 0.34060044998270317, 0.15796081251796223,
  -0.33864549608174266, 0.4693285952631782, -0.8155059151544168, 1.2323824922075242,
  -0.09145107823920592, -0.8790308666191131, -0.4679117820911734, 0.637257738694154,
  0.0, 0.0, 0.0, 1.0]
rgb: frames/00053.ppm
timestamp: 7.183881
