camera: 1
depth_scaling: 65.536
frame: 19
id: 01_0019
image: frames/00019.pgm
intrinsics: [573.679, 0, 320.0, 0, 573.679, 240.0, 0, 0, 1]
pose: [-0.9954406867356268, 0.0942151242131882, -0.014877821103820021, 0.5595561516237647,
  0.05507148961087152, 0.4403526050595047, -0.8961343170805076, 1.3623399230331095,
  -0.07787791871476414, -0.8928679037723336, -0.44353346682054917, 0.649739480421171,
  0.0, 0.0, 0.0, 1.0]
rgb: frames/00019.ppm
timestamp: 2.466835
