camera: 1
depth_scaling: 65.536
frame: 189
id: 01_0189
image: frames/00189.pgm
intrinsics: [573.679, 0, 320.0, 0, 573.679, 240.0, 0, 0, 1]
pose: [-0.9694930702073156, 0.06783751272390205, -0.2355446002085968, 0.8765805232899365,
  0.2387153779405993, 0.4795101517331468, -0.8444435935688847, 1.1389403101722482,
  0.05566107396260089, -0.8749103304066589, -0.48107562668778064, 0.625921562760748,
  0.0, 0.0, 0.0, 1.0]
rgb: frames/00189.ppm
timestamp: 29.14134
