camera: 1
depth_scaling: 65.536
frame: 54
id: '01_0054'
image: frames/00054.pgm
intrinsics: [573.679, 0, 320.0, 0, 573.679, 240.0, 0, 0, 1]
pose: [-0.9583264345566141, -0.09265385515960803, 0.270232692237764, 0.3460372691424911,
  -0.28536001872590966, 0.3549113572951212, -0.8902851162272023, 1.2618682389096179,
  -0.013420303377949576, -0.9302973672901571, -0.3665606414636554, 0.5259326105415164,
  0.0, 0.0, 0.0, 1.0]
rgb: frames/00054.ppm
timestamp: 8.184993
