camera: 1
depth_scaling: 65.536
frame: 72
id: '01_0072'
image: frames/00072.pgm
intrinsics: [573.679, 0, 320.0, 0, 573.679, 240.0, 0, 0, 1]
pose: [-0.7782389384763666, -0.231737183321708, 0.5836454681613652, 0.12363742012934337,
  -0.6278920237946948, 0.27267290294917096, -0.7289726294260126, 1.1134896577517361,
  0.009785759765116045, -0.9337812194852673, -0.35771059956678153, 0.49959223773858186,
  0.0, 0.0, 0.0, 1.0]
rgb: frames/00072.ppm
timestamp: 11.15182
