camera: 1
depth_scaling: 65.536
frame: 96
id: 01_0096
image: frames/00096.pgm
intrinsics: [573.679, 0, 320.0, 0, 573.679, 240.0, 0, 0, 1]
pose: [-0.64771549360444, -0.3250376581900947, 0.6890683276011571, 0.01632346651425265,
  -0.7618317878724439, 0.2658985166116268, -0.59068630071368, 0.8946674970117579,
  0.008773045755742531, -0.9075508248148066, -0.41985060920062034, 0.43345561407288297,
  0.0, 0.0, 0.0, 1.0]
rgb: frames/00096.ppm
timestamp: 15.943733
