camera: 1
depth_scaling: 65.536
frame: 47
id: '01_0047'
image: frames/00047.pgm
intrinsics: [573.679, 0, 320.0, 0, 573.679, 240.0, 0, 0, 1]
pose: [-0.9905191167727946, -0.062299412967435304, 0.12243636082290271, 0.4386605622911714,
  -0.13700747540216274, 0.382851170782713, -0.9135939649068573, 1.2603303190458348,
  0.010041463616865863, -0.9217069839022699, -0.3877568888288282, 0.5393807563187761,
  0.0, 0.0, 0.0, 1.0]
rgb: frames/00047.ppm
timestamp: 7.028916
