camera: 1
depth_scaling: 65.536
frame: 112
id: '01_0112'
image: frames/00112.pgm
intrinsics: [573.679, 0, 320.0, 0, 573.679, 240.0, 0, 0, 1]
pose: [-0.6326133259742631, -0.3976338771159013, 0.6645958768827541, -0.05339302986353689,
  -0.7726123820333192, 0.26465884210444135, -0.5770838798863966, 0.7305622743185208,
  0.05357692533713945, -0.8785459561489726, -0.4746435673278487, 0.4143640931121104,
  0.0, 0.0, 0.0, 1.0]
rgb: frames/00112.ppm
timestamp: 19.292847
