camera: 1
depth_scaling: 65.536
frame: 50
id: '01_0050'
image: frames/00050.pgm
intrinsics: [573.679, 0, 320.0, 0, 573.679, 240.0, 0, 0, 1]
pose: [-0.978466070369766, -0.06763080272195923, 0.19501339353575547, 0.4195429026739731,
  -0.20632839595808658, 0.3466692577116404, -0.9150131249217264, 1.203177425541449,
  -0.005722076241283623, -0.9355460973574973, -0.3531582613540921, 0.47793083282531007,
  0.0, 0.0, 0.0, 1.0]
rgb: frames/00050.ppm
timestamp: 6.502232
