camera: 1
depth_scaling: 65.536
frame: 88
id: 01_0088
image: frames/00088.pgm
intrinsics: [573.679, 0, 320.0, 0, 573.679, 240.0, 0, 0, 1]
pose: [-0.8440432761981733, -0.24628818937409705, 0.4763749318336169, 0.14165476177281988,
  -0.535942192069323, 0.3560987209593213, -0.7654800243579609, 1.0175196140994744,
  0.01889218527812704, -0.9014076928371335, -0.43255896318242293, 0.45732212005513784,
  0.0, 0.0, 0.0, 1.0]
rgb: frames/00088.ppm
timestamp: 11.993551
