camera: 1
depth_scaling: 65.536
frame: 74
id: '01_0074'
image: frames/00074.pgm
intrinsics: [573.679, 0, 320.0, 0, 573.679, 240.0, 0, 0, 1]
pose: [-0.9300888885515465, -0.1456502712033486, 0.3372249366392406, 0.2535478578444937,
  -0.3672352355836331, 0.3900302696644956, -0.8444019602602035, 1.1184448209929805,
  -0.008540558458457595, -0.9092097597605472, -0.4162507316718925, 0.46624526444786685,
  0.0, 0.0, 0.0, 1.0]
rgb: frames/00074.ppm
timestamp: 9.882685
