camera: 1
depth_scaling: 65.536
frame: 22
id: '01_0022'
image: frames/00022.pgm
intrinsics: [573.679, 0, 320.0, 0, 573.679, 240.0, 0, 0, 1]
pose: [-0.9910562227341059, -0.010988901259896527, 0.13299175699684043, 0.5078097570262385,
  -0.12941128097697055, 0.32232631720814403, -0.9377411506332303, 1.2218738807941194,
  -0.03256199834018166, -0.9465648362812421, -0.3208655902086711, 0.4980978417239775,
  0.0, 0.0, 0.0, 1.0]
rgb: frames/00022.ppm
timestamp: 2.839562
