camera: 1
depth_scaling: 65.536
frame: 110
id: '01_0110'
image: frames/00110.pgm
intrinsics: [573.679, 0, 320.0, 0, 573.679, 240.0, 0, 0, 1]
pose: [-0.6975386690303402, -0.3398758741597068, 0.630812329755496, -0.022039121562984487,
  -0.7161243173677356, 0.30042572484313257, -0.630008210999724, 0.9009616248859765,
  0.024612340034544294, -0.8911951380122388, -0.45295193862193633, 0.445827385269,
  0.0, 0.0, 0.0, 1.0]
rgb: frames/00110.ppm
timestamp: 16.137505
