camera: 1
depth_scaling: 65.536
frame: 60
id: '01_0060'
image: frames/00060.pgm
intrinsics: [573.679, 0, 320.0, 0, 573.679, 240.0, 0, 0, 1]
pose: [-0.9896142971642075, -0.0172764477097688, -0.1427062269234366, 0.374875687302893,
  0.1380345809524366, 0.16289921171705402, -0.9769392515828442, 1.4096829699628524,
  0.04012477176853452, -0.9864914450599631, -0.1588226416920112, 0.3494238293646116,
  0.0, 0.0, 0.0, 1.0]
rgb: frames/00060.ppm
timestamp: 7.097481
