camera: 1
depth_scaling: 65.536
frame: 21
id: '01_0021'
image: frames/00021.pgm
intrinsics: [573.679, 0, 320.0, 0, 573.679, 240.0, 0, 0, 1]
pose: [-0.9883615008000962, -0.13204443836261548, -0.07553681244057601, 0.38293766552538505,
  0.055985123238459, 0.14596940917433288, -0.9877036992748739, 1.337783576923298,
  0.1414468441222917, -0.9804372483146473, -0.13687802016776285, 0.32759019028199854,
  0.0, 0.0, 0.0, 1.0]
rgb: frames/00021.ppm
timestamp: 2.551044
