camera: 1
depth_scaling: 65.536
frame: 40
id: '01_0040'
image: frames/00040.pgm
intrinsics: [573.679, 0, 320.0, 0, 573.679, 240.0, 0, 0, 1]
pose: [-0.9923701942107398, -0.040388820894575746, -0.11649094724005168, 0.3639853069062388,
  0.10955805619372401, 0.14452269138634144, -0.9834176244086237, 1.4010279809021244,
  0.05655466351408568, -0.9886768606684361, -0.1389950906097563, 0.3332696460870156,
  0.0, 0.0, 0.0, 1.0]
rgb: frames/00040.ppm
timestamp: 4.740361
