camera: 1
depth_scaling: 65.536
frame: 85
id: 01_0085
image: frames/00085.pgm
intrinsics: [573.679, 0, 320.0, 0, 573.679, 240.0, 0, 0, 1]
pose: [-0.9909470804384799, -0.023027936752683838, -0.1322633656738217, 0.38344819786075485,
  0.12578664774734535, 0.1850642907061873, -0.9746429744033972, 1.4238988739977654,
  0.04692124272584798, -0.9824565753428138, -0.18049231160005647, 0.3635380013256812,
  0.0, 0.0, 0.0, 1.0]
rgb: frames/00085.ppm
timestamp: 10.075496
