camera: 1
depth_scaling: 65.536
frame: 106
id: '01_0106'
image: frames/00106.pgm
intrinsics: [573.679, 0, 320.0, 0, 573.679, 240.0, 0, 0, 1]
pose: [-0.9890122473811823, -0.009680624436019691, -0.14751630432108537, 0.40212684504262436,
  0.13189870273122786, 0.39286744782798955, -0.9100867544662659, 1.3656688494569433,
  0.06676456206582577, -0.9195441555181845, -0.38727385569453016, 0.4735664660447837,
  0.0, 0.0, 0.0, 1.0]
rgb: frames/00106.ppm
timestamp: 12.637659
