camera: 1
depth_scaling: 65.536
frame: 16
id: '01_0016'
image: frames/00016.pgm
intrinsics: [573.679, 0, 320.0, 0, 573.679, 240.0, 0, 0, 1]
pose: [-0.9223365737770552, 0.15020377007133906, -0.3559972923064991, 0.6989068059034148,
  0.3832469547667486, 0.47286424819523065, -0.7934237042342339, 1.2013726297829939,
  0.049163160346101464, -0.8682385790985769, -0.4937051280163775, 0.6525254757074243,
  0.0, 0.0, 0.0, 1.0]
rgb: frames/00016.ppm
timestamp: 1.87704
