camera: 1
depth_scaling: 65.536
frame: 31
id: '01_0031'
image: frames/00031.pgm
intrinsics: [573.679, 0, 320.0, 0, 573.679, 240.0, 0, 0, 1]
pose: [-0.7753655658846771, 0.03272255643360906, -0.6306643112946724, 0.9914623939115292,
  0.5596562172810537, 0.49825615870654627, -0.6622127443425254, 1.1982770835549061,
  0.2925630832811896, -0.8664121620865246, -0.40464405060442604, 0.6615293832263496,
  0.0, 0.0, 0.0, 1.0]
rgb: frames/00031.ppm
timestamp: 3.676733
