camera: 1
depth_scaling: 65.536
frame: 471
id: '01_0471'
image: frames/00471.pgm
intrinsics: [573.679, 0, 320.0, 0, 573.679, 240.0, 0, 0, 1]
pose: [-0.9969274703492164, -0.053092284355303776, 0.05759191093415461, 0.24066632323046633,
  -0.07388429386668022, 0.3931853453178398, -0.916485894788956, 1.2245462348067788,
  0.0260140343456004, -0.9179251023744945, -0.3958999576254578, 0.5447427913842204,
  0.0, 0.0, 0.0, 1.0]
rgb: frames/00471.ppm
timestamp: 68.215752
