camera: 1
depth_scaling: 65.536
frame: 460
id: '01_0460'
image: frames/00460.pgm
intrinsics: [573.679, 0, 320.0, 0, 573.679, 240.0, 0, 0, 1]
pose: [-0.9892103219284806, -0.13175858851929972, 0.06405164589262141, 0.24486094926738067,
  -0.11788447846440525, 0.4562863375243321, -0.8819898116904791, 1.207608059172472,
  0.0869838417599908, -0.880024120430817, -0.4668954473248156, 0.5498970580684034,
  0.0, 0.0, 0.0, 1.0]
rgb: frames/00460.ppm
timestamp: 66.555389
