camera: 1
depth_scaling: 65.536
frame: 452
id: '01_0452'
image: frames/00452.pgm
intrinsics: [573.679, 0, 320.0, 0, 573.679, 240.0, 0, 0, 1]
pose: [-0.9783721550392322, -0.17668897103462314, 0.107558978047462, 0.2660696441219466,
  -0.17454504005589877, 0.4261404805862937, -0.8876588983374003, 1.1958021209502063,
  0.11100430278044643, -0.8872346354377789, -0.4477641638673402, 0.5538106208187799,
  0.0, 0.0, 0.0, 1.0]
rgb: frames/00452.ppm
timestamp: 65.342613
