camera: 1
depth_scaling: 65.536
frame: 38
id: 01_0038
image: frames/00038.pgm
intrinsics: [573.679, 0, 320.0, 0, 573.679, 240.0, 0, 0, 1]
pose: [-0.9833093968378762, -0.04790927776373069, -0.17552017318385216, 0.4329457020540664,
  0.16560822336405254, 0.16380714795963142, -0.9724922285712793, 1.3310659391156983,
  0.07534285928031831, -0.9853283307514755, -0.15313893748481155, 0.31963700090905656,
  0.0, 0.0, 0.0, 1.0]
rgb: frames/00038.ppm
timestamp: 4.338597
