camera: 1
depth_scaling: 65.536
frame: 18
id: 01_0018
image: frames/00018.pgm
intrinsics: [573.679, 0, 320.0, 0, 573.679, 240.0, 0, 0, 1]
pose: [-0.9807439006837873, -0.03800042322075709, -0.19156557390771708, 0.43972924992467377,
  0.18170873502773072, 0.18194762565111372, -0.9663731148653423, 1.2782320439760517,
  0.07157748868304639, -0.9825736762986098, -0.1715390152672646, 0.31271152136243396,
  0.0, 0.0, 0.0, 1.0]
rgb: frames/00018.ppm
timestamp: 2.094491
