camera: 1
depth_scaling: 65.536
frame: 49
id: 01_0049
image: frames/00049.pgm
intrinsics: [573.679, 0, 320.0, 0, 573.679, 240.0, 0, 0, 1]
pose: [-0.9839221714880053, -0.07048979896956029, -0.16409859443504993, 0.4222483586599061,
  0.15499731956769236, 0.11945829803682725, -0.9806658686611743, 1.3394584798992981,
  0.088729878739682, -0.9903337332795321, -0.10661193810950914, 0.33025394526000984,
  0.0, 0.0, 0.0, 1.0]
rgb: frames/00049.ppm
timestamp: 5.572678
