camera: 1
depth_scaling: 65.536
frame: 69
id: 01_0069
image: frames/00069.pgm
intrinsics: [573.679, 0, 320.0, 0, 573.679, 240.0, 0, 0, 1]
pose: [-0.9897168965786093, 0.014501981825670682, -0.14230304687508905, 0.4251680201129735,
  0.13727988515992817, 0.3757766467634603, -0.916485758142311, 1.3078588136475038,
  0.040183301970878625, -0.9265967862400225, -0.37390332704106766, 0.4408348646163522,
  0.0, 0.0, 0.0, 1.0]
rgb: frames/00069.ppm
timestamp: 7.872988
