camera: 1
depth_scaling: 65.536
frame: 419
id: 01_0419
image: frames/00419.pgm
intrinsics: [573.679, 0, 320.0, 0, 573.679, 240.0, 0, 0, 1]
pose: [-0.9929884355985951, -0.03349218305749539, -0.11336772222064859, 0.4250401994096267,
  0.08803674061626832, 0.4304873043277054, -0.8982929439299463, 1.1728855523273276,
  0.07888915685389732, -0.90197502985765, -0.4245203722369192, 0.4005267378977123,
  0.0, 0.0, 0.0, 1.0]
rgb: frames/00419.ppm
timestamp: 51.638138
