camera: 1
depth_scaling: 65.536
frame: 22
id: '01_0022'
image: frames/00022.pgm
intrinsics: [573.679, 0, 320.0, 0, 573.679, 240.0, 0, 0, 1]
pose: [-0.9648704134857109, -0.08054678198793011, -0.25007459105495244, 0.7292446042158769,
  0.21376435865573035, 0.312691137670135, -0.9254885474121552, 1.2941872447997023,
  0.1527412326400998, -0.9464335519908121, -0.28448839610366783, 0.45715106455368637,
  0.0, 0.0, 0.0, 1.0]
rgb: frames/00022.ppm
timestamp: 2.467397
