camera: 1
depth_scaling: 65.536
frame: 43
id: '01_0043'
image: frames/00043.pgm
intrinsics: [573.679, 0, 320.0, 0, 573.679, 240.0, 0, 0, 1]
pose: [-0.8969382090543367, -0.047783597047656085, -0.43956635106839786, 1.022381136587734,
  0.3958415174562723, 0.35616971934641334, -0.8464352450593092, 1.1076620568979658,
  0.19700594457100634, -0.9331987242135965, -0.30054749862509456, 0.4488199330663182,
  0.0, 0.0, 0.0, 1.0]
rgb: frames/00043.ppm
timestamp: 4.874526
