camera: 1
depth_scaling: 65.536
frame: 62
id: '01_0062'
image: frames/00062.pgm
intrinsics: [573.679, 0, 320.0, 0, 573.679, 240.0, 0, 0, 1]
pose: [-0.7771420625639852, 0.027749466978474524, -0.6287131155592396, 1.2810010960002531,
  0.5984142467576722, 0.3418355313064564, -0.7246025523098029, 0.9669536621116723,
  0.19480914729869098, -0.9393500075152198, -0.28226044623700597, 0.4597242806861165,
  0.0, 0.0, 0.0, 1.0]
rgb: frames/00062.ppm
timestamp: 7.190821
