camera: 1
depth_scaling: 65.536
frame: 94
id: 01_0094
image: frames/00094.pgm
intrinsics: [573.679, 0, 320.0, 0, 573.679, 240.0, 0, 0, 1]
pose: [-0.1976242927130822, 0.23143712819696657, -0.9525657429393494, 1.4990520024467786,
  0.9575170093780371, 0.25375709956291337, -0.13699821594881453, 0.4062888972030849,
  0.21001384640397955, -0.9391720769450925, -0.27175355417224484, 0.431868028767109,
  0.0, 0.0, 0.0, 1.0]
rgb: frames/00094.ppm
timestamp: 11.384979
