camera: 1
depth_scaling: 65.536
frame: 199
id: 01_0199
image: frames/00199.pgm
intrinsics: [573.679, 0, 320.0, 0, 573.679, 240.0, 0, 0, 1]
pose: [-0.566894229477363, 0.23157087046020233, -0.7905731240938888, 1.3214573428933467,
  0.8156775587605856, 0.2921411055697893, -0.4993232365620815, 0.8521385691364493,
  0.11533018997486413, -0.9279162173336369, -0.3545002692376923, 0.4261932306664881,
  0.0, 0.0, 0.0, 1.0]
rgb: frames/00199.ppm
timestamp: 26.239624
