camera: 1
depth_scaling: 65.536
frame: 275
id: '01_0275'
image: frames/00275.pgm
intrinsics: [573.679, 0, 320.0, 0, 573.679, 240.0, 0, 0, 1]
pose: [-0.7736164358224717, 0.2770180368482397, -0.5698935141639029, 0.904161780892256,
  0.6334744951131295, 0.3166938177901204, -0.7059851909315691, 1.1327873050890915,
  -0.01508887890139858, -0.907174753305153, -0.42048340359547326, 0.5168189313701783,
  0.0, 0.0, 0.0, 1.0]
rgb: frames/00275.ppm
timestamp: 55.061745
