camera: 1
depth_scaling: 65.536
frame: 255
id: '01_0255'
image: frames/00255.pgm
intrinsics: [573.679, 0, 320.0, 0, 573.679, 240.0, 0, 0, 1]
pose: [-0.18855095324378318, 0.40218517620854755, -0.89593282229694, 1.2179250484376587,
  0.9817146548120586, 0.10150094248298391, -0.1610400422326903, 0.6332367577825065,
  0.026170108102592654, -0.9099146348494268, -0.4139691808924102, 0.5139956687514174,
  0.0, 0.0, 0.0, 1.0]
rgb: frames/00255.ppm
timestamp: 50.799477
