camera: 1
depth_scaling: 65.536
frame: 396
id: 01_0396
image: frames/00396.pgm
intrinsics: [573.679, 0, 320.0, 0, 573.679, 240.0, 0, 0, 1]
pose: [-0.9077723149548449, -0.21445409020631717, 0.3604980823739602, -0.12470189578195234,
  -0.41946072644239074, 0.46708880702944877, -0.778383417937605, 1.2045572426317346,
  -0.0014571115069643148, -0.8578097047373545, -0.5139653561131032, 0.45778785057006904,
  0.0, 0.0, 0.0, 1.0]
rgb: frames/00396.ppm
timestamp: 80.812233
