camera: 1
depth_scaling: 65.536
frame: 621
id: '01_0621'
image: frames/00621.pgm
intrinsics: [573.679, 0, 320.0, 0, 573.679, 240.0, 0, 0, 1]
pose: [-0.8184083771760936, 0.1666101638256021, -0.5499534357361526, 0.9102685958645691,
  0.5697155594958346, 0.3602444005676557, -0.7386800072616008, 1.07017827054803, 0.07504604877234076,
  -0.9178589353324705, -0.38974743795694533, 0.5312964397657032, 0.0, 0.0, 0.0, 1.0]
rgb: frames/00621.ppm
timestamp: 136.878052
