camera: 1
depth_scaling: 65.536
frame: 663
id: '01_0663'
image: frames/00663.pgm
intrinsics: [573.679, 0, 320.0, 0, 573.679, 240.0, 0, 0, 1]
pose: [-0.5558594783307461, 0.20927785682072486, -0.8045017209393621, 1.2248015982428087,
  0.8226219360144342, 0.27776943225389816, -0.4961222559946403, 1.0220238253417824,
  0.11963858381698922, -0.9375750216115356, -0.3265573274516957, 0.4770834019313016,
  0.0, 0.0, 0.0, 1.0]
rgb: frames/00663.ppm
timestamp: 146.718597
