camera: 1
depth_scaling: 65.536
frame: 53
id: '01_0053'
image: frames/00053.pgm
intrinsics: [573.679, 0, 320.0, 0, 573.679, 240.0, 0, 0, 1]
pose: [-0.9967774350790168, -0.02658295570692475, 0.07568415543018413, 0.2792090273887434,
  -0.07497850516257398, 0.644109402383373, -0.7612498285877769, 0.9048225101084149,
  -0.028512605648773292, -0.7644713364327126, -0.644026868299685, 0.638977423927166,
  0.0, 0.0, 0.0, 1.0]
rgb: frames/00053.ppm
timestamp: 5.773709
