camera: 1
depth_scaling: 65.536
frame: 10
id: '01_0010'
image: frames/00010.pgm
intrinsics: [573.679, 0, 320.0, 0, 573.679, 240.0, 0, 0, 1]
pose: [-0.9975200114161393, 0.06873486969662866, 0.015144124673717577, 0.3728294731667554,
  0.03301306872016912, 0.6469528341483332, -0.7618150482112551, 0.8292588048655093,
  -0.062160792450088764, -0.7594258015601175, -0.6476175474821156, 0.5283077066691474,
  0.0, 0.0, 0.0, 1.0]
rgb: frames/00010.ppm
timestamp: 1.031679
