camera: 1
depth_scaling: 65.536
frame: 23
id: '01_0023'
image: frames/00023.pgm
intrinsics: [573.679, 0, 320.0, 0, 573.679, 240.0, 0, 0, 1]
pose: [-0.9963653930990011, 0.05230737114143953, -0.06723051657502949, 0.38744739413157375,
  0.08509702525659907, 0.6465028756334166, -0.7581507291364963, 0.8998497138870016,
  0.003807850725980916, -0.7611162662313786, -0.648604293503253, 0.5797594890637416,
  0.0, 0.0, 0.0, 1.0]
rgb: frames/00023.ppm
timestamp: 2.408727
