camera: 1
depth_scaling: 65.536
frame: 553
id: '01_0553'
image: frames/00553.pgm
intrinsics: [573.679, 0, 320.0, 0, 573.679, 240.0, 0, 0, 1]
pose: [-0.993094055332371, -0.03341320037720396, -0.11246223945866698, 0.32194607674695064,
  0.0882212554282502, 0.41922075072328746, -0.9035878331704489, 0.9257260050498264,
  0.07733826578201222, -0.907269265545547, -0.41337788093011807, 0.3747977774635871,
  0.0, 0.0, 0.0, 1.0]
rgb: frames/00553.ppm
timestamp: 68.403976
