camera: 1
depth_scaling: 65.536
frame: 539
id: 01_0539
image: frames/00539.pgm
intrinsics: [573.679, 0, 320.0, 0, 573.679, 240.0, 0, 0, 1]
pose: [-0.9889994231002739, -0.028436901722415222, -0.1451602002194652, 0.30843882025000013,
  0.1199679465111983, 0.41988087924161654, -0.8996153283805103, 0.9385093853644263,
  0.08653226518017298, -0.9071336119159719, -0.41185043063601556, 0.37611241567260234,
  0.0, 0.0, 0.0, 1.0]
rgb: frames/00539.ppm
timestamp: 66.651932
