camera: 1
depth_scaling: 65.536
frame: 66
id: '01_0066'
image: frames/00066.pgm
intrinsics: [573.679, 0, 320.0, 0, 573.679, 240.0, 0, 0, 1]
pose: [-0.9266645237904564, 0.12901822575417476, -0.3530540436979186, 0.9591529446997957,
  0.3757691913256648, 0.3417159974544441, -0.8614102924473159, 1.1352814557095736,
  0.009506587119621629, -0.9309051909335125, -0.3651371664106215, 0.5104493476607673,
  0.0, 0.0, 0.0, 1.0]
rgb: frames/00066.ppm
timestamp: 15.800774
