camera: 1
depth_scaling: 65.536
frame: 20
id: '01_0020'
image: frames/00020.pgm
intrinsics: [573.679, 0, 320.0, 0, 573.679, 240.0, 0, 0, 1]
pose: [-0.4204017471771956, 0.284038401057729, -0.861733460934952, 1.559889307853653,
  0.9068594704522173, 0.16237901775114916, -0.38889452997605506, 0.6968486074669226,
  0.029466452475420027, -0.9449630899240146, -0.3258473367388064, 0.515220655041915,
  0.0, 0.0, 0.0, 1.0]
rgb: frames/00020.ppm
timestamp: 4.741619
