camera: 1
depth_scaling: 65.536
frame: 39
id: 01_0039
image: frames/00039.pgm
intrinsics: [573.679, 0, 320.0, 0, 573.679, 240.0, 0, 0, 1]
pose: [-0.6466364388485114, 0.24629391373655532, -0.7219422580855381, 1.4066453675991142,
  0.7620526504536118, 0.25042182734958224, -0.5971303595727835, 0.9213211812849893,
  0.03372052624056677, -0.9362842604910256, -0.34962080840080584, 0.5134279388891769,
  0.0, 0.0, 0.0, 1.0]
rgb: frames/00039.ppm
timestamp: 9.345224
