camera: 1
depth_scaling: 65.536
frame: 104
id: '01_0104'
image: frames/00104.pgm
intrinsics: [573.679, 0, 320.0, 0, 573.679, 240.0, 0, 0, 1]
pose: [-0.9175507943660552, -0.15502387369498793, 0.3661531624099692, 0.35889034000240216,
  -0.3974464681179543, 0.3846727847695991, -0.8331045274382834, 1.1234041582472605,
  -0.011698065600123098, -0.9099420021310163, -0.4145705103103851, 0.4846657360406826,
  0.0, 0.0, 0.0, 1.0]
rgb: frames/00104.ppm
timestamp: 24.960709
