camera: 1
depth_scaling: 65.536
frame: 115
id: '01_0115'
image: frames/00115.pgm
intrinsics: [573.679, 0, 320.0, 0, 573.679, 240.0, 0, 0, 1]
pose: [-0.8951224696646444, -0.18989007289883586, 0.403357812017993, 0.2952353759177939,
  -0.44555059594144736, 0.4125002509772216, -0.794561646066528, 0.9711529777670751,
  -0.015505829796852999, -0.8909462964501307, -0.4538438785354575, 0.45951225508565985,
  0.0, 0.0, 0.0, 1.0]
rgb: frames/00115.ppm
timestamp: 27.663376
