camera: 1
depth_scaling: 65.536
frame: 45
id: '01_0045'
image: frames/00045.pgm
intrinsics: [573.679, 0, 320.0, 0, 573.679, 240.0, 0, 0, 1]
pose: [-0.990787852726282, 0.11412173507835131, -0.0729085761262023, 0.4135657921460797,
  0.12943764691706133, 0.6397489059520729, -0.757606251883985, 1.1465502430560561,
  -0.039816158159945464, -0.7600641860499892, -0.6486270936628763, 0.6211601843347017,
  0.0, 0.0, 0.0, 1.0]
rgb: frames/00045.ppm
timestamp: 4.95916
