camera: 1
depth_scaling: 65.536
frame: 17
id: '01_0017'
image: frames/00017.pgm
intrinsics: [573.679, 0, 320.0, 0, 573.679, 240.0, 0, 0, 1]
pose: [-0.9807429040214607, 0.13860569231486414, -0.13759294411222356, 0.5234766688395415,
  0.19381736630468258, 0.6039944811848693, -0.7730624135326574, 1.0496066128918697,
  -0.024045472136532554, -0.784843378487796, -0.6192274917294884, 0.4973038278203898,
  0.0, 0.0, 0.0, 1.0]
rgb: frames/00017.ppm
timestamp: 1.883624
