camera: 1
depth_scaling: 65.536
frame: 592
id: 01_0592
image: frames/00592.pgm
intrinsics: [573.679, 0, 320.0, 0, 573.679, 240.0, 0, 0, 1]
pose: [-0.9683462921358071, 0.06546496610958938, -0.24087298877023278, 0.46313673874234335,
  0.24181072447712465, 0.4853804757497142, -0.8401984094776835, 1.1643332426153177,
  0.06191148548276368, -0.8718486863976177, -0.48584651485017993, 0.4100641963951255,
  0.0, 0.0, 0.0, 1.0]
rgb: frames/00592.ppm
timestamp: 75.925888
