camera: 1
depth_scaling: 65.536
frame: 605
id: '01_0605'
image: frames/00605.pgm
intrinsics: [573.679, 0, 320.0, 0, 573.679, 240.0, 0, 0, 1]
pose: [-0.9923974470588516, -0.0031501673110677867, -0.12303407461750665, 0.47098187105100553,
  0.10982989437926718, 0.4284570917231514, -0.8968622608030612, 1.1585911233511643,
  0.055540087969978266, -0.9035566374046793, -0.42485374145726423, 0.42186347637391935,
  0.0, 0.0, 0.0, 1.0]
rgb: frames/00605.ppm
timestamp: 77.601921
