camera: 1
depth_scaling: 65.536
frame: 613
id: '01_0613'
image: frames/00613.pgm
intrinsics: [573.679, 0, 320.0, 0, 573.679, 240.0, 0, 0, 1]
pose: [-0.9927687303762425, -0.007348231289645683, -0.11981757585620541, 0.4702329562305517,
  0.10447902641571374, 0.43862026115393404, -0.892578511697699, 1.1580367731100383,
  0.05911328976100254, -0.8986424594921876, -0.43468074373206744, 0.42247661598856145,
  0.0, 0.0, 0.0, 1.0]
rgb: frames/00613.ppm
timestamp: 78.600365
