camera: 1
depth_scaling: 65.536
frame: 20
id: '01_0020'
image: frames/00020.pgm
intrinsics: [573.679, 0, 320.0, 0, 573.679, 240.0, 0, 0, 1]
pose: [-0.9895524382946776, -0.06473631201812137, -0.1288222875567373, 0.6449197044340046,
  0.10753452076723363, 0.263759918396938, -0.958575522476243, 1.300372279765644, 0.09603280016962762,
  -0.9624135885125132, -0.2540428820849885, 0.43724178670895575, 0.0, 0.0, 0.0, 1.0]
rgb: frames/00020.ppm
timestamp: 3.591165
