camera: 1
depth_scaling: 65.536
frame: 76
id: '01_0076'
image: frames/00076.pgm
intrinsics: [573.679, 0, 320.0, 0, 573.679, 240.0, 0, 0, 1]
pose: [-0.8774532820464236, -0.1791787966304132, 0.44493898083224415, 0.11418184733987646,
  -0.47866975491910596, 0.26745873861902575, -0.8362661591036686, 1.1693164538284606,
  0.030838345475106076, -0.9467633188787983, -0.32045001868304096, 0.41350669437938364,
  0.0, 0.0, 0.0, 1.0]
rgb: frames/00076.ppm
timestamp: 14.204879
