camera: 1
depth_scaling: 65.536
frame: 61
id: '01_0061'
image: frames/00061.pgm
intrinsics: [573.679, 0, 320.0, 0, 573.679, 240.0, 0, 0, 1]
pose: [-0.9367733119968582, -0.1471725468387588, 0.3174838631921791, 0.2593964242051229,
  -0.34603533364102546, 0.2544862808271768, -0.9030483269142886, 1.2776533554221172,
  0.05210863462403401, -0.9558122066220669, -0.2893228574963863, 0.42304094924023833,
  0.0, 0.0, 0.0, 1.0]
rgb: frames/00061.ppm
timestamp: 11.218582
