camera: 1
depth_scaling: 65.536
frame: 92
id: 01_0092
image: frames/00092.pgm
intrinsics: [573.679, 0, 320.0, 0, 573.679, 240.0, 0, 0, 1]
pose: [-0.8815893524637131, -0.17122482010937484, 0.4398662007941996, 0.04828496409063199,
  -0.4717789959504832, 0.2900359776906228, -0.8326486117354658, 1.1221131656272878,
  0.014993085158320325, -0.9415737850129202, -0.33647290347645914, 0.4079279114910592,
  0.0, 0.0, 0.0, 1.0]
rgb: frames/00092.ppm
timestamp: 17.505571
