camera: 1
depth_scaling: 65.536
frame: 35
id: '01_0035'
image: frames/00035.pgm
intrinsics: [573.679, 0, 320.0, 0, 573.679, 240.0, 0, 0, 1]
pose: [-0.9939720435285484, -0.0923845170394359, 0.05903115867973435, 0.5057883439269217,
  -0.08107559892548244, 0.25695803267397, -0.9630157406310643, 1.341128792843379,
  0.07379921369876605, -0.9619967102104419, -0.26289923088843514, 0.4341809494324331,
  0.0, 0.0, 0.0, 1.0]
rgb: frames/00035.ppm
timestamp: 6.250718
