camera: 1
depth_scaling: 65.536
frame: 56
id: '01_0056'
image: frames/00056.pgm
intrinsics: [573.679, 0, 320.0, 0, 573.679, 240.0, 0, 0, 1]
pose: [-0.8109784020914642, 0.06138612965691727, -0.5818468651001907, 1.1671837412143675,
  0.5560026012047081, 0.39045207157803974, -0.7337631002265075, 1.0326339384603502,
  0.18214043701159158, -0.918574397033883, -0.3507790448687962, 0.4700928307960127,
  0.0, 0.0, 0.0, 1.0]
rgb: frames/00056.ppm
timestamp: 6.403576
