camera: 1
depth_scaling: 65.536
frame: 80
id: 01_0080
image: frames/00080.pgm
intrinsics: [573.679, 0, 320.0, 0, 573.679, 240.0, 0, 0, 1]
pose: [-0.5340756639378585, 0.17105469688920158, -0.8279513728845909, 1.3930260903790848,
  0.8210759237813053, 0.3383397597811521, -0.4597396375535924, 0.7189437913408105,
  0.20148824426256637, -0.9253466905022009, -0.32114792510712675, 0.4639292627513928,
  0.0, 0.0, 0.0, 1.0]
rgb: frames/00080.ppm
timestamp: 9.50392
