camera: 1
depth_scaling: 65.536
frame: 39
id: 01_0039
image: frames/00039.pgm
intrinsics: [573.679, 0, 320.0, 0, 573.679, 240.0, 0, 0, 1]
pose: [-0.9172631223944347, -0.07489628341581357, -0.39117631705627415, 0.850856949904732,
  0.3384350560501241, 0.37122889008887405, -0.864668042661305, 1.16136147983697, 0.20997637279361198,
  -0.9255158874346139, -0.3151670429701642, 0.4577433342832531, 0.0, 0.0, 0.0, 1.0]
rgb: frames/00039.ppm
timestamp: 4.356099
