camera: 1
depth_scaling: 65.536
frame: 155
id: '01_0155'
image: frames/00155.pgm
intrinsics: [573.679, 0, 320.0, 0, 573.679, 240.0, 0, 0, 1]
pose: [-0.44335339649719907, 0.21917724994673052, -0.8691369851296086, 1.4234376069299624,
  0.8898685691775589, 0.22399472590451008, -0.39744218743969245, 0.5694772607606328,
  0.10757181510173422, -0.9496250290892462, -0.294347768333593, 0.45268679084803,
  0.0, 0.0, 0.0, 1.0]
rgb: frames/00155.ppm
timestamp: 19.962872
