camera: 1
depth_scaling: 65.536
frame: 105
id: '01_0105'
image: frames/00105.pgm
intrinsics: [573.679, 0, 320.0, 0, 573.679, 240.0, 0, 0, 1]
pose: [-0.2082607106420692, 0.27632414736756394, -0.9382283527928843, 1.456564180105935,
  0.9606276076949666, 0.2381587313836667, -0.14309094310950604, 0.3077737479660203,
  0.18390779139858582, -0.9310882795134471, -0.31504371127763053, 0.437049721641723,
  0.0, 0.0, 0.0, 1.0]
rgb: frames/00105.ppm
timestamp: 12.876218
