camera: 1
depth_scaling: 65.536
frame: 68
id: 01_0068
image: frames/00068.pgm
intrinsics: [573.679, 0, 320.0, 0, 573.679, 240.0, 0, 0, 1]
pose: [-0.7096678734271572, 0.05153659471091554, -0.7026489086528058, 1.2265527776735343,
  0.6833439411285459, 0.2931221172486318, -0.6686706831487277, 0.9528281159083105,
  0.17150092579424386, -0.9546849762017221, -0.24323656934440396, 0.339355352569365,
  0.0, 0.0, 0.0, 1.0]
rgb: frames/00068.ppm
timestamp: 7.731462
