camera: 1
depth_scaling: 65.536
frame: 28
id: 01_0028
image: frames/00028.pgm
intrinsics: [573.679, 0, 320.0, 0, 573.679, 240.0, 0, 0, 1]
pose: [-0.9800456346222447, -0.014095680396407297, -0.19827220141019267, 0.7596102622027681,
  0.18775751654137585, 0.2617949541687329, -0.9466839583271739, 1.1648358426745027,
  0.06525081639410076, -0.965020576861423, -0.25392443205400683, 0.38440705376692497,
  0.0, 0.0, 0.0, 1.0]
rgb: frames/00028.ppm
timestamp: 3.137676
