camera: 1
depth_scaling: 65.536
frame: 94
id: 01_0094
image: frames/00094.pgm
intrinsics: [573.679, 0, 320.0, 0, 573.679, 240.0, 0, 0, 1]
pose: [-0.2549295104861882, 0.24437879120674497, -0.9355693192338035, 1.3798075648030235,
  0.95486177932239, 0.2161923439649396, -0.20371512658667418, 0.46115881638491985,
  0.15247926768105832, -0.9452723823423996, -0.288461775818171, 0.28927512362867536,
  0.0, 0.0, 0.0, 1.0]
rgb: frames/00094.ppm
timestamp: 11.100109
