camera: 1
depth_scaling: 65.536
frame: 48
id: 01_0048
image: frames/00048.pgm
intrinsics: [573.679, 0, 320.0, 0, 573.679, 240.0, 0, 0, 1]
pose: [-0.8955213013569849, -0.03807379680675853, -0.44338694704807236, 0.9611227576094874,
  0.4230913538709477, 0.23605015516156153, -0.8747994230267024, 1.16279867308186,
  0.13796849312629678, -0.9709947014504872, -0.19527924789782086, 0.3020079177958721,
  0.0, 0.0, 0.0, 1.0]
rgb: frames/00048.ppm
timestamp: 5.354363
