camera: 1
depth_scaling: 65.536
frame: 201
id: '01_0201'
image: frames/00201.pgm
intrinsics: [573.679, 0, 320.0, 0, 573.679, 240.0, 0, 0, 1]
pose: [-0.9847589500447896, -0.022361904153044253, -0.17248117447806804, 0.783289912099352,
  0.1473705404524633, 0.419386963620221, -0.895765872620832, 0.9355391835784845, 0.09236738663312159,
  -0.9075321041087536, -0.40969958005654084, 0.4082041720429249, 0.0, 0.0, 0.0, 1.0]
rgb: frames/00201.ppm
timestamp: 25.066835
