camera: 1
depth_scaling: 65.536
frame: 91
id: 01_0091
image: frames/00091.pgm
intrinsics: [573.679, 0, 320.0, 0, 573.679, 240.0, 0, 0, 1]
pose: [-0.9954438777902711, 0.022994516445164443, -0.09253506569577401, 0.344684514409079,
  0.09488009466872935, 0.14272295562143517, -0.985204509517864, 1.4199025580420432,
  -0.009447423221234149, -0.9894955331643165, -0.144254414290669, 0.38572670486650934,
  0.0, 0.0, 0.0, 1.0]
rgb: frames/00091.ppm
timestamp: 10.576314
