camera: 1
depth_scaling: 65.536
frame: 27
id: '01_0027'
image: frames/00027.pgm
intrinsics: [573.679, 0, 320.0, 0, 573.679, 240.0, 0, 0, 1]
pose: [-0.9987230240157245, -0.05049341520192527, 0.0016541832221806385, 0.35779484265986716,
  -0.009996095969086544, 0.16540805882979912, -0.9861745545995062, 1.4173852285204078,
  0.04952170601123686, -0.9849317687512184, -0.16570157373523317, 0.41366155060936166,
  0.0, 0.0, 0.0, 1.0]
rgb: frames/00027.ppm
timestamp: 3.100128
