camera: 1
depth_scaling: 65.536
frame: 45
id: '01_0045'
image: frames/00045.pgm
intrinsics: [573.679, 0, 320.0, 0, 573.679, 240.0, 0, 0, 1]
pose: [-0.9984201112437833, -0.010508335116331095, -0.055198336542276974, 0.35429782053760434,
  0.053077425240791606, 0.14602284450336392, -0.9878563234666036, 1.436020234627819,
  0.018440943407531097, -0.9892254059496394, -0.14523438928164, 0.4072852475144559,
  0.0, 0.0, 0.0, 1.0]
rgb: frames/00045.ppm
timestamp: 5.169771
