camera: 1
depth_scaling: 65.536
frame: 134
id: '01_0134'
image: frames/00134.pgm
intrinsics: [573.679, 0, 320.0, 0, 573.679, 240.0, 0, 0, 1]
pose: [-0.9371706629292254, -0.1340613999279579, -0.32208491053471106, 0.616627063503606,
  0.2651794258916836, 0.32617060977472034, -0.9073547296415797, 1.2953262890060138,
  0.22669587695534682, -0.9357565251541359, -0.270127201523473, 0.4162450309449393,
  0.0, 0.0, 0.0, 1.0]
rgb: frames/00134.ppm
timestamp: 15.693846
