camera: 1
depth_scaling: 65.536
frame: 115
id: '01_0115'
image: frames/00115.pgm
intrinsics: [573.679, 0, 320.0, 0, 573.679, 240.0, 0, 0, 1]
pose: [-0.9497608025238489, -0.08922864940959574, -0.2999877766073049, 0.4951814863661368,
  0.2625646680649871, 0.29449741209320957, -0.9188748932005518, 1.3572850187318486,
  0.17033558956711892, -0.9514775469736222, -0.2562738077367257, 0.4257364327054079,
  0.0, 0.0, 0.0, 1.0]
rgb: frames/00115.ppm
timestamp: 13.403804
