camera: 1
depth_scaling: 65.536
frame: 62
id: '01_0062'
image: frames/00062.pgm
intrinsics: [573.679, 0, 320.0, 0, 573.679, 240.0, 0, 0, 1]
pose: [-0.911818743292758, -0.03649929822182481, -0.40896745666291046, 0.9009783754709503,
  0.3675622691466065, 0.3713423389194367, -0.852644618598886, 1.0869318171207902,
  0.18298786211061335, -0.9277783509843054, -0.3251811399282416, 0.44564891272307605,
  0.0, 0.0, 0.0, 1.0]
rgb: frames/00062.ppm
timestamp: 6.9269
