camera: 1
depth_scaling: 65.536
frame: 22
id: '01_0022'
image: frames/00022.pgm
intrinsics: [573.679, 0, 320.0, 0, 573.679, 240.0, 0, 0, 1]
pose: [-0.9942625021907521, -0.06270570353812457, -0.08666066859408236, 0.5407605453502099,
  0.06292398406963376, 0.3122941297300669, -0.9478992292247866, 1.2207306326016611,
  0.08650230613220095, -0.9479136940037997, -0.3065566501543916, 0.4686936730935191,
  0.0, 0.0, 0.0, 1.0]
rgb: frames/00022.ppm
timestamp: 2.440931
