camera: 1
depth_scaling: 65.536
frame: 41
id: '01_0041'
image: frames/00041.pgm
intrinsics: [573.679, 0, 320.0, 0, 573.679, 240.0, 0, 0, 1]
pose: [-0.9884067155703499, -0.09799019337644972, -0.11597450848130078, 0.584242563517209,
  0.07642479019910825, 0.3389226924388519, -0.9377049962504315, 1.2218314547920568,
  0.1311922865813978, -0.9356972429969242, -0.32750458529538035, 0.4693763357296828,
  0.0, 0.0, 0.0, 1.0]
rgb: frames/00041.ppm
timestamp: 4.564053
