camera: 1
depth_scaling: 65.536
frame: 82
id: 01_0082
image: frames/00082.pgm
intrinsics: [573.679, 0, 320.0, 0, 573.679, 240.0, 0, 0, 1]
pose: [-0.6632208664412693, 0.11503736071852588, -0.7395299101157489, 1.206544426617361,
  0.720301371654249, 0.3664329785898658, -0.5889760658929756, 0.8777073907717268,
  0.20323389557330107, -0.9233056253704267, -0.3258875662700648, 0.4398875057860636,
  0.0, 0.0, 0.0, 1.0]
rgb: frames/00082.ppm
timestamp: 9.319702
