camera: 1
depth_scaling: 65.536
frame: 102
id: '01_0102'
image: frames/00102.pgm
intrinsics: [573.679, 0, 320.0, 0, 573.679, 240.0, 0, 0, 1]
pose: [-0.35220134039483314, 0.24045756385489714, -0.904507808594846, 1.3576942198630206,
  0.9159321341716862, 0.2872391608950817, -0.28028911866140915, 0.5991973262072656,
  0.1924124253154741, -0.9271859707918673, -0.32140882712047547, 0.4361500936751713,
  0.0, 0.0, 0.0, 1.0]
rgb: frames/00102.ppm
timestamp: 11.901115
