camera: 1
depth_scaling: 65.536
frame: 15
id: '01_0015'
image: frames/00015.pgm
intrinsics: [573.679, 0, 320.0, 0, 573.679, 240.0, 0, 0, 1]
pose: [-0.9711690449944361, 0.08526803376812561, -0.22262086259358538, 0.46516227877646915,
  0.22950085330220035, 0.587069841331466, -0.7763236179149836, 1.0019654351498324,
  0.06449840601252196, -0.80503314454522, -0.5897131436601007, 0.6108048905472291,
  0.0, 0.0, 0.0, 1.0]
rgb: frames/00015.ppm
timestamp: 1.664637
