camera: 1
depth_scaling: 65.536
frame: 35
id: '01_0035'
image: frames/00035.pgm
intrinsics: [573.679, 0, 320.0, 0, 573.679, 240.0, 0, 0, 1]
pose: [-0.9982137038814792, -0.009493602677777966, -0.05898536167062993, 0.3962585638571423,
  0.04037375443620175, 0.6205523147670848, -0.7831250121085002, 1.0687334703815166,
  0.044038180434071164, -0.7841075794464746, -0.6190605321926499, 0.6607414724657594,
  0.0, 0.0, 0.0, 1.0]
rgb: frames/00035.ppm
timestamp: 3.945027
