camera: 1
depth_scaling: 65.536
frame: 396
id: 01_0396
image: frames/00396.pgm
intrinsics: [573.679, 0, 320.0, 0, 573.679, 240.0, 0, 0, 1]
pose: [-0.9992375816977952, 0.038481602911368304, 0.006589503783554634, 0.3883432329726746,
  0.013696587889089784, 0.5035766182027401, -0.8638419954364851, 1.039554245013531,
  -0.03656034467750749, -0.8630931327712342, -0.5037197488288487, 0.5369546530768307,
  0.0, 0.0, 0.0, 1.0]
rgb: frames/00396.ppm
timestamp: 51.325432
