camera: 1
depth_scaling: 65.536
frame: 432
id: '01_0432'
image: frames/00432.pgm
intrinsics: [573.679, 0, 320.0, 0, 573.679, 240.0, 0, 0, 1]
pose: [-0.9952687414144364, -0.03193777862635111, -0.09176116095461065, 0.4255094194409035,
  0.060114065678746734, 0.5395476254729976, -0.8398063222874793, 1.0734906355826965,
  0.0763310649139333, -0.8413491178713294, -0.5350749764156805, 0.5263452846777621,
  0.0, 0.0, 0.0, 1.0]
rgb: frames/00432.ppm
timestamp: 55.863129
