camera: 1
depth_scaling: 65.536
frame: 446
id: '01_0446'
image: frames/00446.pgm
intrinsics: [573.679, 0, 320.0, 0, 573.679, 240.0, 0, 0, 1]
pose: [-0.9969773605044371, -0.027295292461163224, -0.07274001409860534, 0.4307092853349157,
  0.04740804106345964, 0.5280146184862611, -0.8479109860753862, 1.0501294466151911,
  0.0615517691389213, -0.8487965184154963, -0.5251246043003518, 0.5202463907936313,
  0.0, 0.0, 0.0, 1.0]
rgb: frames/00446.ppm
timestamp: 57.637539
