camera: 1
depth_scaling: 65.536
frame: 18
id: 01_0018
image: frames/00018.pgm
intrinsics: [573.679, 0, 320.0, 0, 573.679, 240.0, 0, 0, 1]
pose: [-0.9334350943975168, 0.010381694849196859, -0.3585960749355148, 0.5999887711756694,
  0.31604056778931566, 0.49679253537075657, -0.8082793677382238, 1.271375768691064,
  0.16975654349245617, -0.8678072350539341, -0.46700462388453934, 0.664707692929718,
  0.0, 0.0, 0.0, 1.0]
rgb: frames/00018.ppm
timestamp: 2.172764
