camera: 1
depth_scaling: 65.536
frame: 41
id: '01_0041'
image: frames/00041.pgm
intrinsics: [573.679, 0, 320.0, 0, 573.679, 240.0, 0, 0, 1]
pose: [-0.9826364122387552, -0.13884555329205855, -0.12307556082979954, 0.34087893076024933,
  0.021555298670931977, 0.5734125838861036, -0.8189831364199567, 1.2016458336750946,
  0.18428524206174096, -0.8074155813285279, -0.5604632267920538, 0.6410412167092931,
  0.0, 0.0, 0.0, 1.0]
rgb: frames/00041.ppm
timestamp: 4.843179
