camera: 1
depth_scaling: 65.536
frame: 544
id: '01_0544'
image: frames/00544.pgm
intrinsics: [573.679, 0, 320.0, 0, 573.679, 240.0, 0, 0, 1]
pose: [-0.9778309443737232, -0.06065279004453738, -0.20041926874681057, 0.47941546288054404,
  0.1577426640246719, 0.4160911435289983, -0.8955363824117534, 1.1629266766179214,
  0.13770946289777058, -0.907297855908711, -0.3972992631403483, 0.4287991971527514,
  0.0, 0.0, 0.0, 1.0]
rgb: frames/00544.ppm
timestamp: 70.417542
