camera: 1
depth_scaling: 65.536
frame: 556
id: '01_0556'
image: frames/00556.pgm
intrinsics: [573.679, 0, 320.0, 0, 573.679, 240.0, 0, 0, 1]
pose: [-0.9770986975321899, -0.061714762033207665, -0.20364042680195643, 0.48225024309664455,
  0.16209059378643795, 0.40414938491135244, -0.9002165928718131, 1.1729214400501424,
  0.1378578060425249, -0.9126086580911669, -0.3848904551819667, 0.4257663633377877,
  0.0, 0.0, 0.0, 1.0]
rgb: frames/00556.ppm
timestamp: 71.966537
