camera: 1
depth_scaling: 65.536
frame: 567
id: '01_0567'
image: frames/00567.pgm
intrinsics: [573.679, 0, 320.0, 0, 573.679, 240.0, 0, 0, 1]
pose: [-0.981638889002084, -0.07594250692763116, -0.17497950520075564, 0.4903377558725006,
  0.13098648499703694, 0.3984740931119184, -0.9077780223527969, 1.1749345231728237,
  0.13866373839932195, -0.914030159655676, -0.381210224014183, 0.42391507979841475,
  0.0, 0.0, 0.0, 1.0]
rgb: frames/00567.ppm
timestamp: 73.386803
