camera: 1
depth_scaling: 65.536
frame: 53
id: '01_0053'
image: frames/00053.pgm
intrinsics: [573.679, 0, 320.0, 0, 573.679, 240.0, 0, 0, 1]
pose: [-0.9949458363237185, 0.015908994305491836, 0.09914477637416935, 0.27902246218875076,
  -0.06801447438041444, 0.619598441421331, -0.7819666250314099, 1.0473751057102412,
  -0.07387025150121115, -0.7847577175717647, -0.6153848475992095, 0.5213433315488757,
  0.0, 0.0, 0.0, 1.0]
rgb: frames/00053.ppm
timestamp: 5.833626
