camera: 1
depth_scaling: 65.536
frame: 0
id: '01_0000'
image: frames/00000.pgm
intrinsics: [573.679, 0, 320.0, 0, 573.679, 240.0, 0, 0, 1]
pose: [-0.9849806680684686, 0.05218603842715022, -0.16458949214537655, 0.5560492832410757,
  0.17015927281169632, 0.4551762089792148, -0.8739910987278446, 1.028307358180351,
  0.0293070880093482, -0.8888707646067511, -0.45721970475890705, 0.4543772764778216,
  0.0, 0.0, 0.0, 1.0]
rgb: frames/00000.ppm
timestamp: 9.0e-06
