camera: 1
depth_scaling: 65.536
frame: 29
id: 01_0029
image: frames/00029.pgm
intrinsics: [573.679, 0, 320.0, 0, 573.679, 240.0, 0, 0, 1]
pose: [-0.9962542092957366, 0.08492918989454629, -0.0162660125532533, 0.4401507917462798,
  0.06006026279907606, 0.5442723296886669, -0.8367558759684792, 1.0905581624247256,
  -0.06221185813840011, -0.8345985045751806, -0.5473344689199103, 0.5061545382648193,
  0.0, 0.0, 0.0, 1.0]
rgb: frames/00029.ppm
timestamp: 3.182429
