camera: 1
depth_scaling: 65.536
frame: 618
id: 01_0618
image: frames/00618.pgm
intrinsics: [573.679, 0, 320.0, 0, 573.679, 240.0, 0, 0, 1]
pose: [-0.9817889429002293, 0.09939528605042305, -0.16189826654354417, 0.4699397126456396,
  0.18735407779879137, 0.36551891918964036, -0.9117534585876831, 1.1335949367831903,
  -0.03144711641811273, -0.9254817647179181, -0.37748454543675547, 0.4199538176042493,
  0.0, 0.0, 0.0, 1.0]
rgb: frames/00618.ppm
timestamp: 75.936981
