camera: 1
depth_scaling: 65.536
frame: 600
id: '01_0600'
image: frames/00600.pgm
intrinsics: [573.679, 0, 320.0, 0, 573.679, 240.0, 0, 0, 1]
pose: [-0.9807988008583964, 0.08224308079351962, -0.17683265506212925, 0.48365998116051695,
  0.1949768733730694, 0.39393961089750984, -0.8982180146354118, 1.0900174816148172,
  -0.0042108294187061975, -0.9154494298580939, -0.4024109967285903, 0.39343621803613915,
  0.0, 0.0, 0.0, 1.0]
rgb: frames/00600.ppm
timestamp: 73.613976
