camera: 1
depth_scaling: 65.536
frame: 46
id: '01_0046'
image: frames/00046.pgm
intrinsics: [573.679, 0, 320.0, 0, 573.679, 240.0, 0, 0, 1]
pose: [-0.9994044520416935, -0.03398240170615167, -0.005994798872685378, 0.3429865792427863,
  -0.017025704490994317, 0.6367128880750527, -0.7709129805274464, 1.0649935741351826,
  0.03001444028842694, -0.770351799201772, -0.6369122693438753, 0.6257360839620576,
  0.0, 0.0, 0.0, 1.0]
rgb: frames/00046.ppm
timestamp: 5.107236
