camera: 1
depth_scaling: 65.536
frame: 3
id: '01_0003'
image: frames/00003.pgm
intrinsics: [573.679, 0, 320.0, 0, 573.679, 240.0, 0, 0, 1]
pose: [-0.9961507159097002, 0.05704114456265352, -0.06655868853556478, 0.45980600579199055,
  0.08754130954423334, 0.6083709425469238, -0.7888100629352089, 1.0755849298212137,
  -0.004502256753294414, -0.7916003436656344, -0.6110226064496935, 0.4996807576134891,
  0.0, 0.0, 0.0, 1.0]
rgb: frames/00003.ppm
timestamp: 0.338427
