camera: 1
depth_scaling: 65.536
frame: 32
id: '01_0032'
image: frames/00032.pgm
intrinsics: [573.679, 0, 320.0, 0, 573.679, 240.0, 0, 0, 1]
pose: [-0.9989818135541161, 0.016458119776738438, 0.0420055529846196, 0.3584455923366795,
  -0.025048676740742105, 0.5720419625082822, -0.8198417877390799, 1.1341684774550567,
  -0.03752199330615258, -0.8200592194610625, -0.5710472630135316, 0.6080080701448293,
  0.0, 0.0, 0.0, 1.0]
rgb: frames/00032.ppm
timestamp: 3.533771
