camera: 1
depth_scaling: 65.536
frame: 582
id: 01_0582
image: frames/00582.pgm
intrinsics: [573.679, 0, 320.0, 0, 573.679, 240.0, 0, 0, 1]
pose: [-0.9986111415501366, -0.022212914538186065, -0.04777420223982877, 0.32563186376522124,
  0.03456793092303165, 0.40806695019512496, -0.9122973321840583, 1.0910201520757465,
  0.03975985567923164, -0.912681735648396, -0.4067323484678812, 0.4015497660515397,
  0.0, 0.0, 0.0, 1.0]
rgb: frames/00582.ppm
timestamp: 74.290909
