camera: 1
depth_scaling: 65.536
frame: 599
id: 01_0599
image: frames/00599.pgm
intrinsics: [573.679, 0, 320.0, 0, 573.679, 240.0, 0, 0, 1]
pose: [-0.9968832620998666, -0.0549434351472598, -0.056612548779820276, 0.3297904557796077,
  0.025422161850421125, 0.4555989042562799, -0.8898220901547276, 1.0793202415015302,
  0.07468249749425676, -0.8884879612998118, -0.4527821409831932, 0.37907389350228193,
  0.0, 0.0, 0.0, 1.0]
rgb: frames/00599.ppm
timestamp: 76.442169
