camera: 1
depth_scaling: 65.536
frame: 38
id: 01_0038
image: frames/00038.pgm
intrinsics: [573.679, 0, 320.0, 0, 573.679, 240.0, 0, 0, 1]
pose: [-0.9792685151342613, -0.08037570191202256, 0.18593795150234535, 0.24093035582300473,
  -0.20142120269066757, 0.2888940520233109, -0.9359325434090844, 1.3414033101693115,
  0.02150986688438325, -0.9539811178674883, -0.29909421990221385, 0.42699564003477525,
  0.0, 0.0, 0.0, 1.0]
rgb: frames/00038.ppm
timestamp: 4.316233
