camera: 1
depth_scaling: 65.536
frame: 63
id: '01_0063'
image: frames/00063.pgm
intrinsics: [573.679, 0, 320.0, 0, 573.679, 240.0, 0, 0, 1]
pose: [-0.990464152822695, 0.021133169148683552, -0.13614018927177263, 0.43688942618554993,
  0.13583667513344494, 0.3147914777644687, -0.9393906126929058, 1.3622868850693723,
  0.023003470649271135, -0.948925558033187, -0.3146603337719786, 0.42653937965612637,
  0.0, 0.0, 0.0, 1.0]
rgb: frames/00063.ppm
timestamp: 7.248233
