camera: 1
depth_scaling: 65.536
frame: 21
id: '01_0021'
image: frames/00021.pgm
intrinsics: [573.679, 0, 320.0, 0, 573.679, 240.0, 0, 0, 1]
pose: [-0.9901028780956488, -0.1363402155712675, -0.033281171924878464, 0.3778000342121888,
  -0.003046456001834376, 0.2579642247185041, -0.9661496663929505, 1.3302358526310916,
  0.14031040550344764, -0.9564861757408526, -0.2558264758075221, 0.4013215563128555,
  0.0, 0.0, 0.0, 1.0]
rgb: frames/00021.ppm
timestamp: 2.389829
