camera: 1
depth_scaling: 65.536
frame: 136
id: '01_0136'
image: frames/00136.pgm
intrinsics: [573.679, 0, 320.0, 0, 573.679, 240.0, 0, 0, 1]
pose: [-0.9988825041531864, 0.01396728261095604, -0.04515149956673796, 0.4134782942426411,
  0.04356329279358603, 0.6425985169454469, -0.7649636498164422, 1.2076016071772604,
  0.018329823175354143, -0.7660757541105044, -0.6424888765935037, 0.6046275063381011,
  0.0, 0.0, 0.0, 1.0]
rgb: frames/00136.ppm
timestamp: 15.910244
