camera: 1
depth_scaling: 65.536
frame: 104
id: '01_0104'
image: frames/00104.pgm
intrinsics: [573.679, 0, 320.0, 0, 573.679, 240.0, 0, 0, 1]
pose: [-0.9810259110328451, -0.013432880772663884, -0.19341075356950446, 0.5587655588174016,
  0.17753788238055657, 0.3385951035614376, -0.9240311986962597, 1.3329220594609956,
  0.07790033505707061, -0.940836284142128, -0.3297857247359706, 0.4533643959806592,
  0.0, 0.0, 0.0, 1.0]
rgb: frames/00104.ppm
timestamp: 12.146522
