camera: 1
depth_scaling: 65.536
frame: 8
id: 01_0008
image: frames/00008.pgm
intrinsics: [573.679, 0, 320.0, 0, 573.679, 240.0, 0, 0, 1]
pose: [-0.9919439682568996, 0.09661648394509163, -0.08192935291361256, 0.4769160947365088,
  0.12337275016122229, 0.5900531432836437, -0.7978824804560811, 1.0605684231067007,
  -0.02874592764918283, -0.8015625634541447, -0.597219497766448, 0.6089208484546759,
  0.0, 0.0, 0.0, 1.0]
rgb: frames/00008.ppm
timestamp: 0.939946
