camera: 1
depth_scaling: 65.536
frame: 54
id: '01_0054'
image: frames/00054.pgm
intrinsics: [573.679, 0, 320.0, 0, 573.679, 240.0, 0, 0, 1]
pose: [-0.9992136907130534, 0.02107109311332283, 0.033585850095061334, 0.27991161548864263,
  -0.005036976484016006, 0.7727648129744646, -0.6346724924687064, 1.0476656195067713,
  -0.03932720635257132, -0.6343426147308334, -0.7720510462248931, 0.6976511744973399,
  0.0, 0.0, 0.0, 1.0]
rgb: frames/00054.ppm
timestamp: 6.005656
