camera: 1
depth_scaling: 65.536
frame: 45
id: '01_0045'
image: frames/00045.pgm
intrinsics: [573.679, 0, 320.0, 0, 573.679, 240.0, 0, 0, 1]
pose: [-0.9953100445369951, 0.09661532443669583, -0.004836768317444645, 0.3125891167594004,
  0.07596851727500958, 0.7497001494728215, -0.657402821916263, 1.065296756508089,
  -0.059889060994485474, -0.6546870740777011, -0.7535238121046856, 0.6623337303289158,
  0.0, 0.0, 0.0, 1.0]
rgb: frames/00045.ppm
timestamp: 5.009263
