camera: 1
depth_scaling: 65.536
frame: 935
id: 01_0935
image: frames/00935.pgm
intrinsics: [573.679, 0, 320.0, 0, 573.679, 240.0, 0, 0, 1]
pose: [-0.997867810484319, 0.03359337304557775, -0.05595818158814753, 0.33035540749789927,
  0.06526722421047208, 0.5155641216971207, -0.8543616481692845, 1.158899720345823,
  0.00014914117947583197, -0.8561922224045821, -0.5166573874927283, 0.4976012769680997,
  0.0, 0.0, 0.0, 1.0]
rgb: frames/00935.ppm
timestamp: 122.64045
