camera: 1
depth_scaling: 65.536
frame: 960
id: 01_0960
image: frames/00960.pgm
intrinsics: [573.679, 0, 320.0, 0, 573.679, 240.0, 0, 0, 1]
pose: [-0.9936992287519599, 0.02502036817976148, -0.10925119657884597, 0.34369457458468233,
  0.10761347293882349, 0.4854169314385183, -0.8676345677270231, 1.1566133466462765,
  0.031323844269271414, -0.8739247014754544, -0.48505095910763063, 0.46610531110067743,
  0.0, 0.0, 0.0, 1.0]
rgb: frames/00960.ppm
timestamp: 126.041435
