camera: 1
depth_scaling: 65.536
frame: 21
id: '01_0021'
image: frames/00021.pgm
intrinsics: [573.679, 0, 320.0, 0, 573.679, 240.0, 0, 0, 1]
pose: [-0.926921744902264, 0.05251324341789663, -0.37156215912425017, 0.5947249113928947,
  0.37267948907506276, 0.24462552469799234, -0.895135940005194, 1.2664912361348422,
  0.04388709662408814, -0.9681945630563954, -0.2463193269273511, 0.3588347878574615,
  0.0, 0.0, 0.0, 1.0]
rgb: frames/00021.ppm
timestamp: 2.452434
