camera: 1
depth_scaling: 65.536
frame: 61
id: '01_0061'
image: frames/00061.pgm
intrinsics: [573.679, 0, 320.0, 0, 573.679, 240.0, 0, 0, 1]
pose: [-0.9878852384107194, 0.05745864225487578, -0.14415706767419417, 0.5071837296443562,
  0.15492737231895556, 0.3115323626133428, -0.9375207178248877, 1.2885799366096904,
  -0.00895907565208131, -0.9484967535393966, -0.31666013877449967, 0.39530420519997134,
  0.0, 0.0, 0.0, 1.0]
rgb: frames/00061.ppm
timestamp: 7.032542
