camera: 1
depth_scaling: 65.536
frame: 29
id: 01_0029
image: frames/00029.pgm
intrinsics: [573.679, 0, 320.0, 0, 573.679, 240.0, 0, 0, 1]
pose: [-0.948597815209511, 0.0929157030011606, -0.30253736482547444, 0.5821333278901357,
  0.31648298145740905, 0.28103574303464035, -0.9060118286119653, 1.3158509513546512,
  0.0008410871366214831, -0.9551887683975183, -0.29599613054845986, 0.37937631613478084,
  0.0, 0.0, 0.0, 1.0]
rgb: frames/00029.ppm
timestamp: 3.357025
