camera: 1
depth_scaling: 65.536
frame: 494
id: 01_0494
image: frames/00494.pgm
intrinsics: [573.679, 0, 320.0, 0, 573.679, 240.0, 0, 0, 1]
pose: [-0.9971273534760516, -0.00638352380672208, -0.07547378070332642, 0.37983323411894193,
  0.06107854951777558, 0.5215150995188348, -0.8510531192367867, 1.1090737544666363,
  0.044793434101991006, -0.8532181735040978, -0.5196270746060887, 0.49633309176476353,
  0.0, 0.0, 0.0, 1.0]
rgb: frames/00494.ppm
timestamp: 63.895927
