camera: 1
depth_scaling: 65.536
frame: 548
id: 01_0548
image: frames/00548.pgm
intrinsics: [573.679, 0, 320.0, 0, 573.679, 240.0, 0, 0, 1]
pose: [-0.9845665474280222, 0.001328108299362446, 0.17500557080849993, 0.20027296489763607,
  -0.15749758245773154, 0.429294553887763, -0.8893259793361918, 1.191074569748617,
  -0.07631005966210336, -0.9031635633320532, -0.42245988290453634, 0.4289523963961852,
  0.0, 0.0, 0.0, 1.0]
rgb: frames/00548.ppm
timestamp: 70.803383
