camera: 1
depth_scaling: 65.536
frame: 44
id: '01_0044'
image: frames/00044.pgm
intrinsics: [573.679, 0, 320.0, 0, 573.679, 240.0, 0, 0, 1]
pose: [-0.8053137438346627, 0.07512269716689697, -0.588070025049203, 1.0812286221854497,
  0.5680675022630128, 0.3815741796550732, -0.7291779332187858, 1.0422069802296718,
  0.1696145243299094, -0.9212804816074899, -0.349961694111527, 0.44994701948805216,
  0.0, 0.0, 0.0, 1.0]
rgb: frames/00044.ppm
timestamp: 4.936627
