camera: 1
depth_scaling: 65.536
frame: 75
id: '01_0075'
image: frames/00075.pgm
intrinsics: [573.679, 0, 320.0, 0, 573.679, 240.0, 0, 0, 1]
pose: [-0.18735644366331095, 0.34347295816327916, -0.9202846787969486, 1.3200861154343724,
  0.9600358197934291, 0.26232981798397126, -0.09754122877047794, 0.41329476706024926,
  0.20791533789356376, -0.9017812337851474, -0.37889552473147836, 0.4305018103786069,
  0.0, 0.0, 0.0, 1.0]
rgb: frames/00075.ppm
timestamp: 8.863955
