camera: 1
depth_scaling: 65.536
frame: 20
id: '01_0020'
image: frames/00020.pgm
intrinsics: [573.679, 0, 320.0, 0, 573.679, 240.0, 0, 0, 1]
pose: [-0.9774888290670916, -0.047436297423728985, -0.20558547306600672, 0.7526765624017469,
  0.16802946675872055, 0.41426794893161145, -0.8945100138001674, 1.0670859418243355,
  0.12759971532031833, -0.9089179633909339, -0.3969715965600693, 0.4446841165451606,
  0.0, 0.0, 0.0, 1.0]
rgb: frames/00020.ppm
timestamp: 2.174038
