camera: 1
depth_scaling: 65.536
frame: 205
id: '01_0205'
image: frames/00205.pgm
intrinsics: [573.679, 0, 320.0, 0, 573.679, 240.0, 0, 0, 1]
pose: [-0.9886130579157939, -0.14880416128399973, 0.02239516248988814, 0.7612584758130158,
  -0.06770869401492224, 0.30696567195136326, -0.9493090166000961, 1.0550327188732311,
  0.13438658591234742, -0.9400156370124985, -0.3135456070475392, 0.4079713032190902,
  0.0, 0.0, 0.0, 1.0]
rgb: frames/00205.ppm
timestamp: 26.031534
