camera: 1
depth_scaling: 65.536
frame: 213
id: '01_0213'
image: frames/00213.pgm
intrinsics: [573.679, 0, 320.0, 0, 573.679, 240.0, 0, 0, 1]
pose: [-0.9432173485608426, -0.24222927002022926, 0.22730159286577994, 0.5675454305537724,
  -0.2934692804611749, 0.28709390313577204, -0.9118403764957265, 1.0311274585593315,
  0.15561752728871595, -0.9267696971350188, -0.3418787996831787, 0.4258075737398016,
  0.0, 0.0, 0.0, 1.0]
rgb: frames/00213.ppm
timestamp: 27.008884
