camera: 1
depth_scaling: 65.536
frame: 24
id: '01_0024'
image: frames/00024.pgm
intrinsics: [573.679, 0, 320.0, 0, 573.679, 240.0, 0, 0, 1]
pose: [-0.9920694298872105, 0.03345138710785617, -0.1211579588133826, 0.5497618560018103,
  0.11662034444443997, 0.6045181755807575, -0.7880085473230429, 1.252734202252869,
  0.04688220925815209, -0.7958886731780223, -0.6036251140915213, 0.6572394960071916,
  0.0, 0.0, 0.0, 1.0]
rgb: frames/00024.ppm
timestamp: 2.941567
