camera: 1
depth_scaling: 65.536
frame: 38
id: 01_0038
image: frames/00038.pgm
intrinsics: [573.679, 0, 320.0, 0, 573.679, 240.0, 0, 0, 1]
pose: [-0.9837632463509093, -0.10161379090807499, 0.1479341496288466, 0.25917407623906086,
  -0.17860224588554152, 0.6353051623413626, -0.7513245560122838, 1.1324858466109862,
  -0.0176383926070513, -0.7655468556526798, -0.6431383201975567, 0.6539934776374481,
  0.0, 0.0, 0.0, 1.0]
rgb: frames/00038.ppm
timestamp: 4.724043
