camera: 1
depth_scaling: 65.536
frame: 11
id: '01_0011'
image: frames/00011.pgm
intrinsics: [573.679, 0, 320.0, 0, 573.679, 240.0, 0, 0, 1]
pose: [-0.9219119402171603, 0.17047367679342781, -0.34787512127998027, 0.7054559338995536,
  0.3860402516604399, 0.47941723892717747, -0.7881193025915467, 1.171182139817178,
  0.03242373487085212, -0.8608703947400977, -0.5077901780037236, 0.5912885345712511,
  0.0, 0.0, 0.0, 1.0]
rgb: frames/00011.ppm
timestamp: 1.306162
