camera: 1
depth_scaling: 65.536
frame: 78
id: 01_0078
image: frames/00078.pgm
intrinsics: [573.679, 0, 320.0, 0, 573.679, 240.0, 0, 0, 1]
pose: [-0.8809204767930208, -0.2889002007106033, 0.37485435517828775, 0.008948480000716241,
  -0.47039642829388595, 0.6215568977022184, -0.6264137795157042, 0.9532681364586074,
  -0.052022243464807494, -0.7281508751269669, -0.6834398212254837, 0.6749542189785787,
  0.0, 0.0, 0.0, 1.0]
rgb: frames/00078.ppm
timestamp: 10.057447
