camera: 1
depth_scaling: 65.536
frame: 471
id: '01_0471'
image: frames/00471.pgm
intrinsics: [573.679, 0, 320.0, 0, 573.679, 240.0, 0, 0, 1]
pose: [-0.9767227145078465, -0.10151681395114719, -0.1889631589745253, 0.596211483404617,
  0.12869640512056862, 0.4274299584267815, -0.8948412518141542, 1.2088179856719583,
  0.17160994806090385, -0.8983306557857681, -0.40441570024177576, 0.4816619763627431,
  0.0, 0.0, 0.0, 1.0]
rgb: frames/00471.ppm
timestamp: 64.480759
