camera: 1
depth_scaling: 65.536
frame: 65
id: '01_0065'
image: frames/00065.pgm
intrinsics: [573.679, 0, 320.0, 0, 573.679, 240.0, 0, 0, 1]
pose: [-0.9915922017847532, -0.05061114831177319, 0.11909415193966894, 0.1476418842892706,
  -0.12644813697158466, 0.1834480242946594, -0.9748629088434956, 1.3972720871578683,
  0.027491344384744553, -0.9817256918553928, -0.1883053157374205, 0.3849917150805886,
  0.0, 0.0, 0.0, 1.0]
rgb: frames/00065.ppm
timestamp: 7.850728
