camera: 1
depth_scaling: 65.536
frame: 19
id: 01_0019
image: frames/00019.pgm
intrinsics: [573.679, 0, 320.0, 0, 573.679, 240.0, 0, 0, 1]
pose: [-0.9870945820200366, -0.025467765706327562, -0.1581002183952222, 0.3788310093306501,
  0.15368890399434504, 0.126701339066217, -0.979962494929191, 1.4526574085105124,
  0.04498896459918085, -0.99161391861387, -0.12115209232835614, 0.35811685224235207,
  0.0, 0.0, 0.0, 1.0]
rgb: frames/00019.ppm
timestamp: 2.333222
