camera: 1
depth_scaling: 65.536
frame: 38
id: 01_0038
image: frames/00038.pgm
intrinsics: [573.679, 0, 320.0, 0, 573.679, 240.0, 0, 0, 1]
pose: [-0.9995647037448329, -0.014301302542832604, -0.0258045688412585, 0.3365493653156869,
  0.022822736755920184, 0.17943330114215722, -0.9835053701572748, 1.4635829742620583,
  0.01869560682285676, -0.9836661848344722, -0.17902879963491589, 0.3601686378242861,
  0.0, 0.0, 0.0, 1.0]
rgb: frames/00038.ppm
timestamp: 4.586866
