camera: 1
depth_scaling: 65.536
frame: 13
id: '01_0013'
image: frames/00013.pgm
intrinsics: [573.679, 0, 320.0, 0, 573.679, 240.0, 0, 0, 1]
pose: [-0.9990364546509882, -0.011019011511024041, -0.042482274700211896, 0.37660621277452283,
  0.04034862400742958, 0.15023124712759872, -0.987827191834277, 1.4194495585089004,
  0.01726704430675452, -0.9885894768668168, -0.14964189055576077, 0.36130921878372213,
  0.0, 0.0, 0.0, 1.0]
rgb: frames/00013.ppm
timestamp: 1.609937
