camera: 1
depth_scaling: 65.536
frame: 552
id: '01_0552'
image: frames/00552.pgm
intrinsics: [573.679, 0, 320.0, 0, 573.679, 240.0, 0, 0, 1]
pose: [-0.996587138847312, -0.07684856227324677, 0.030139229596377146, 0.3692063863700718,
  -0.0682903939672451, 0.5624311420866337, -0.8240191942563737, 1.1670465131457637,
  0.046373449040659875, -0.8232651510222326, -0.5657596612842009, 0.4541005591810447,
  0.0, 0.0, 0.0, 1.0]
rgb: frames/00552.ppm
timestamp: 70.468712
