camera: 1
depth_scaling: 65.536
frame: 13
id: '01_0013'
image: frames/00013.pgm
intrinsics: [573.679, 0, 320.0, 0, 573.679, 240.0, 0, 0, 1]
pose: [-0.9174600262631125, 0.1884053875567484, -0.3503862299647063, 0.6699701500900419,
  0.39448638507710376, 0.5447610456011719, -0.7400107399114673, 1.084694835992425,
  0.05145475875064993, -0.817152870113732, -0.5741198434706842, 0.6252449158786529,
  0.0, 0.0, 0.0, 1.0]
rgb: frames/00013.ppm
timestamp: 1.607643
