camera: 1
depth_scaling: 65.536
frame: 26
id: '01_0026'
image: frames/00026.pgm
intrinsics: [573.679, 0, 320.0, 0, 573.679, 240.0, 0, 0, 1]
pose: [-0.9904613242909133, -0.02848093215019676, -0.13481543527262185, 0.5374406622848826,
  0.09032062439606664, 0.6047002124573855, -0.7913152582016207, 1.1959708784289043,
  0.10406031853014513, -0.795943772862034, -0.5963597576543507, 0.6333290927288932,
  0.0, 0.0, 0.0, 1.0]
rgb: frames/00026.ppm
timestamp: 3.109416
