camera: 1
depth_scaling: 65.536
frame: 21
id: '01_0021'
image: frames/00021.pgm
intrinsics: [573.679, 0, 320.0, 0, 573.679, 240.0, 0, 0, 1]
pose: [-0.9759756834929529, -0.006229940818018066, -0.21779038791431454, 0.5782278189068277,
  0.1773896812465572, 0.5576766653304897, -0.8108820123378679, 1.167901711762727,
  0.1265083642203491, -0.8300348937142757, -0.543173737398102, 0.6309600426237586,
  0.0, 0.0, 0.0, 1.0]
rgb: frames/00021.ppm
timestamp: 2.525913
