camera: 1
depth_scaling: 65.536
frame: 386
id: 01_0386
image: frames/00386.pgm
intrinsics: [573.679, 0, 320.0, 0, 573.679, 240.0, 0, 0, 1]
pose: [-0.9942863473894922, -0.09198424785976793, -0.05416232584126229, 0.45814672252023886,
  0.0023792482735844334, 0.4881725510505324, -0.872743891172243, 1.1263771048518707,
  0.1067192511804452, -0.867886201380393, -0.48516444931692687, 0.434840726946141,
  0.0, 0.0, 0.0, 1.0]
rgb: frames/00386.ppm
timestamp: 52.207054
