camera: 1
depth_scaling: 65.536
frame: 379
id: 01_0379
image: frames/00379.pgm
intrinsics: [573.679, 0, 320.0, 0, 573.679, 240.0, 0, 0, 1]
pose: [-0.9946489693629779, -0.09224683900773488, -0.04651825919192415, 0.4578566159369627,
  -0.0037357199784766038, 0.4820877699815784, -0.8761149618802497, 1.1344827133048039,
  0.10324471967809495, -0.8712530646874477, -0.4798527119141056, 0.4396567002841739,
  0.0, 0.0, 0.0, 1.0]
rgb: frames/00379.ppm
timestamp: 51.216904
