camera: 1
depth_scaling: 65.536
frame: 14
id: '01_0014'
image: frames/00014.pgm
intrinsics: [573.679, 0, 320.0, 0, 573.679, 240.0, 0, 0, 1]
pose: [-0.9900515329943039, 0.1352372037551022, -0.03884405663843553, 0.39264312468515755,
  0.10085331616319707, 0.4895576654006847, -0.8661188722492528, 1.0238859413946868,
  -0.0981150887199071, -0.8614198691508875, -0.49832643758640033, 0.5169181633281776,
  0.0, 0.0, 0.0, 1.0]
rgb: frames/00014.ppm
timestamp: 1.572504
