camera: 1
depth_scaling: 65.536
frame: 44
id: '01_0044'
image: frames/00044.pgm
intrinsics: [573.679, 0, 320.0, 0, 573.679, 240.0, 0, 0, 1]
pose: [-0.9690817311460158, -0.10874996291876546, 0.22148147535224658, 0.17366904561683472,
  -0.23900558941567612, 0.6367161672411624, -0.7331226709097117, 0.9151177075370585,
  -0.06129377282486294, -0.7633910976287916, -0.6430218545850545, 0.5823769826839982,
  0.0, 0.0, 0.0, 1.0]
rgb: frames/00044.ppm
timestamp: 4.824864
