camera: 1
depth_scaling: 65.536
frame: 28
id: 01_0028
image: frames/00028.pgm
intrinsics: [573.679, 0, 320.0, 0, 573.679, 240.0, 0, 0, 1]
pose: [-0.9986280864803142, -0.02248166241552215, -0.04729185709718563, 0.3751130896611591,
  0.02562918472502002, 0.5777219039907648, -0.8158311997831516, 0.9966194875136942,
  0.045662783347020466, -0.8159240016719206, -0.5763531328210882, 0.566626466556206,
  0.0, 0.0, 0.0, 1.0]
rgb: frames/00028.ppm
timestamp: 3.084751
