camera: 1
depth_scaling: 65.536
frame: 641
id: '01_0641'
image: frames/00641.pgm
intrinsics: [573.679, 0, 320.0, 0, 573.679, 240.0, 0, 0, 1]
pose: [-0.9972899867735335, -0.020762434153787424, -0.07058047611949815, 0.3084492582334458,
  0.053529333164198105, 0.453353699483228, -0.8897218855664211, 1.0310128731325205,
  0.05047071202431852, -0.8910888533097477, -0.4510137057062431, 0.4288802274332679,
  0.0, 0.0, 0.0, 1.0]
rgb: frames/00641.ppm
timestamp: 81.492363
