camera: 1
depth_scaling: 65.536
frame: 614
id: '01_0614'
image: frames/00614.pgm
intrinsics: [573.679, 0, 320.0, 0, 573.679, 240.0, 0, 0, 1]
pose: [-0.998226068518058, 0.0355683063132617, -0.047745279525702296, 0.2994363870299128,
  0.05828746391587607, 0.4203613810176792, -0.9054826784092366, 1.036213447595756,
  -0.01213621362851303, -0.9066593654371611, -0.4216888751008823, 0.45517308504006404,
  0.0, 0.0, 0.0, 1.0]
rgb: frames/00614.ppm
timestamp: 78.113144
