camera: 1
depth_scaling: 65.536
frame: 23
id: '01_0023'
image: frames/00023.pgm
intrinsics: [573.679, 0, 320.0, 0, 573.679, 240.0, 0, 0, 1]
pose: [-0.4877655428651797, 0.3089369384014091, -0.8164819307765484, 1.1160950009687212,
  0.8612542970341714, 0.32304289490697397, -0.3922809247086799, 0.7086390341023728,
  0.14256861868451842, -0.8945396895282433, -0.4236424587138341, 0.49482815536581015,
  0.0, 0.0, 0.0, 1.0]
rgb: frames/00023.ppm
timestamp: 3.526584
