camera: 1
depth_scaling: 65.536
frame: 55
id: '01_0055'
image: frames/00055.pgm
intrinsics: [573.679, 0, 320.0, 0, 573.679, 240.0, 0, 0, 1]
pose: [0.018543201960963318, 0.4892563088990818, -0.8719428959877369, 1.1329201076236015,
  0.9880161572982085, 0.12468927459485381, 0.090976138182991, 0.22747558164040316,
  0.15323257675414992, -0.8631806583812313, -0.48108099985119784, 0.4649752542378346,
  0.0, 0.0, 0.0, 1.0]
rgb: frames/00055.ppm
timestamp: 8.976355
