camera: 1
depth_scaling: 65.536
frame: 282
id: 01_0282
image: frames/00282.pgm
intrinsics: [573.679, 0, 320.0, 0, 573.679, 240.0, 0, 0, 1]
pose: [-0.9085174239252888, -0.31772306874385403, 0.2713819117261601, 0.1202074223569245,
  -0.3927933394373574, 0.42788772669947395, -0.8140181114899135, 1.035263376068066,
  0.14251134311978814, -0.8461466450491574, -0.5135429603784376, 0.4724015350854295,
  0.0, 0.0, 0.0, 1.0]
rgb: frames/00282.ppm
timestamp: 51.223083
