camera: 1
depth_scaling: 65.536
frame: 254
id: '01_0254'
image: frames/00254.pgm
intrinsics: [573.679, 0, 320.0, 0, 573.679, 240.0, 0, 0, 1]
pose: [-0.9857517964160878, -0.16065496124168463, 0.04983351573879313, 0.26413241996813364,
  -0.12544916057430816, 0.5048128528686104, -0.8540646882349465, 1.1438097111422114,
  0.11205313013770402, -0.8481473734010427, -0.5177742065990303, 0.47673118321469216,
  0.0, 0.0, 0.0, 1.0]
rgb: frames/00254.ppm
timestamp: 45.270176
