camera: 1
depth_scaling: 65.536
frame: 633
id: '01_0633'
image: frames/00633.pgm
intrinsics: [573.679, 0, 320.0, 0, 573.679, 240.0, 0, 0, 1]
pose: [0.45697681639825877, 0.48775978944871945, -0.7438162253348963, 0.9232429980509735,
  0.8348429814535784, 0.05336553878549337, 0.5478953509456295, -0.010595494559107244,
  0.30693547463956117, -0.8713452284066718, -0.38281602283696603, 0.49838153632936727,
  0.0, 0.0, 0.0, 1.0]
rgb: frames/00633.ppm
timestamp: 132.016724
