camera: 1
depth_scaling: 65.536
frame: 20
id: '01_0020'
image: frames/00020.pgm
intrinsics: [573.679, 0, 320.0, 0, 573.679, 240.0, 0, 0, 1]
pose: [-0.9893404528164773, -0.14084536811440343, 0.03698716941867434, 0.5436721310230503,
  -0.07519439445948983, 0.2765991238480888, -0.9580390011520097, 1.29653814980128,
  0.12470473713038406, -0.9506079670227829, -0.28424148460429555, 0.4837483848057889,
  0.0, 0.0, 0.0, 1.0]
rgb: frames/00020.ppm
timestamp: 2.130215
