camera: 1
depth_scaling: 65.536
frame: 57
id: '01_0057'
image: frames/00057.pgm
intrinsics: [573.679, 0, 320.0, 0, 573.679, 240.0, 0, 0, 1]
pose: [-0.9604045366866762, -0.08879246779672224, -0.2640814714708675, 0.7848910657228361,
  0.2186384888072853, 0.3472974896640046, -0.911910996142248, 1.2531435365782195,
  0.1726856598670462, -0.933541831593876, -0.31413263367665917, 0.4730173722526819,
  0.0, 0.0, 0.0, 1.0]
rgb: frames/00057.ppm
timestamp: 6.356271
