camera: 1
depth_scaling: 65.536
frame: 86
id: 01_0086
image: frames/00086.pgm
intrinsics: [573.679, 0, 320.0, 0, 573.679, 240.0, 0, 0, 1]
pose: [-0.8756211425669159, 0.005062473709312683, -0.48297203443859077, 0.9940048098131663,
  0.445579805073924, 0.3943751206930908, -0.8036957767019769, 1.0676343768221583,
  0.18640346563326743, -0.9189355992332937, -0.34757892982983685, 0.45815749719991367,
  0.0, 0.0, 0.0, 1.0]
rgb: frames/00086.ppm
timestamp: 9.887858
