camera: 1
depth_scaling: 65.536
frame: 112
id: '01_0112'
image: frames/00112.pgm
intrinsics: [573.679, 0, 320.0, 0, 573.679, 240.0, 0, 0, 1]
pose: [-0.7108603720731752, 0.1328592923215635, -0.6906706449964415, 1.1804980086027488,
  0.6748938943909013, 0.40527082877997234, -0.6166634306117701, 0.8649334154694015,
  0.1979791977200385, -0.9044909970717278, -0.3777568973378543, 0.4479595490599607,
  0.0, 0.0, 0.0, 1.0]
rgb: frames/00112.ppm
timestamp: 13.133184
