camera: 1
depth_scaling: 65.536
frame: 170
id: '01_0170'
image: frames/00170.pgm
intrinsics: [573.679, 0, 320.0, 0, 573.679, 240.0, 0, 0, 1]
pose: [-0.15831304298246246, 0.3874864955936702, -0.9081801562213133, 1.309147350075527,
  0.9722189054608587, 0.22178358620456193, -0.0748494539374411, 0.5111821924321408,
  0.1724162993632633, -0.8947995622611694, -0.41183293104254964, 0.39588717073162083,
  0.0, 0.0, 0.0, 1.0]
rgb: frames/00170.ppm
timestamp: 20.875677
