camera: 1
depth_scaling: 65.536
frame: 1
id: '01_0001'
image: frames/00001.pgm
intrinsics: [573.679, 0, 320.0, 0, 573.679, 240.0, 0, 0, 1]
pose: [-0.9846475343964445, 0.16504563708395434, -0.05682579244106315, 0.4554983519717297,
  0.13338228678148584, 0.5014139923197292, -0.8548644184190451, 1.0493557935122406,
  -0.11259839510376958, -0.849319695983522, -0.515730215747064, 0.4891631106313748,
  0.0, 0.0, 0.0, 1.0]
rgb: frames/00001.ppm
timestamp: 0.112481
