camera: 1
depth_scaling: 65.536
frame: 48
id: 01_0048
image: frames/00048.pgm
intrinsics: [573.679, 0, 320.0, 0, 573.679, 240.0, 0, 0, 1]
pose: [-0.9992579648632033, 0.03285246014552646, 0.020105609163515864, 0.38371548355873014,
  0.013555134787286822, 0.7885606495764342, -0.6148075798658396, 0.9651818703246834,
  -0.036052433736822036, -0.6140788367970181, -0.7884208293923196, 0.6875734172153276,
  0.0, 0.0, 0.0, 1.0]
rgb: frames/00048.ppm
timestamp: 5.118149
