camera: 1
depth_scaling: 65.536
frame: 29
id: 01_0029
image: frames/00029.pgm
intrinsics: [573.679, 0, 320.0, 0, 573.679, 240.0, 0, 0, 1]
pose: [-0.9968520627077494, 0.07920336238639586, -0.0035766551405949643, 0.3945430680900326,
  0.054133097382505165, 0.6469715353274808, -0.760590192050738, 1.0632608438805278,
  -0.05792730654088532, -0.7583895172420908, -0.6492224328334832, 0.5721528270780368,
  0.0, 0.0, 0.0, 1.0]
rgb: frames/00029.ppm
timestamp: 3.076789
