camera: 1
depth_scaling: 65.536
frame: 734
id: '01_0734'
image: frames/00734.pgm
intrinsics: [573.679, 0, 320.0, 0, 573.679, 240.0, 0, 0, 1]
pose: [-0.9842149725183849, 0.047475300732559206, -0.17049042111212254, 0.45912938506283857,
  0.17220533074155447, 0.4790969577453518, -0.8607040310950917, 1.0180974375180534,
  0.04081925936157641, -0.8764771536665983, -0.4797098989656883, 0.48313928802148076,
  0.0, 0.0, 0.0, 1.0]
rgb: frames/00734.ppm
timestamp: 89.982925
