camera: 1
depth_scaling: 65.536
frame: 712
id: '01_0712'
image: frames/00712.pgm
intrinsics: [573.679, 0, 320.0, 0, 573.679, 240.0, 0, 0, 1]
pose: [-0.9959569392354607, 0.046262780484932396, -0.07700344362777556, 0.4550248779163928,
  0.08978155029752447, 0.4839193385655454, -0.8704948862506076, 0.9972094923522334,
  -0.003008058328245548, -0.8738889110774252, -0.48611636742760045, 0.510508554740134,
  0.0, 0.0, 0.0, 1.0]
rgb: frames/00712.ppm
timestamp: 87.25631
