camera: 1
depth_scaling: 65.536
frame: 62
id: '01_0062'
image: frames/00062.pgm
intrinsics: [573.679, 0, 320.0, 0, 573.679, 240.0, 0, 0, 1]
pose: [-0.9932539452446386, -0.08100388543327765, -0.08297572416480063, 0.3170694568242127,
  0.05642665653191486, 0.287498933419687, -0.9561173545727385, 1.2967567164326317,
  0.10130465284768493, -0.9543493772341732, -0.28098867145163553, 0.3853471037781715,
  0.0, 0.0, 0.0, 1.0]
rgb: frames/00062.ppm
timestamp: 7.011206
