camera: 1
depth_scaling: 65.536
frame: 21
id: '01_0021'
image: frames/00021.pgm
intrinsics: [573.679, 0, 320.0, 0, 573.679, 240.0, 0, 0, 1]
pose: [-0.9952339253415857, -0.02971011145813366, -0.0928802623075769, 0.4024613342515553,
  0.08608192989180928, 0.179855089612732, -0.9799194089752983, 1.3294202340599395,
  0.04581850276122787, -0.9832443521411863, -0.17644038309632498, 0.4170533259731234,
  0.0, 0.0, 0.0, 1.0]
rgb: frames/00021.ppm
timestamp: 2.43429
