camera: 1
depth_scaling: 65.536
frame: 33
id: '01_0033'
image: frames/00033.pgm
intrinsics: [573.679, 0, 320.0, 0, 573.679, 240.0, 0, 0, 1]
pose: [-0.9944596008937256, -0.07682914605341179, -0.07174527515450449, 0.36949177082600937,
  0.04934771098171825, 0.2614283084119625, -0.9639606024012211, 1.3334197085337363,
  0.09281651583181111, -0.9621603410438218, -0.25618854875126607, 0.4000690043394886,
  0.0, 0.0, 0.0, 1.0]
rgb: frames/00033.ppm
timestamp: 3.785351
