camera: 1
depth_scaling: 65.536
frame: 83
id: 01_0083
image: frames/00083.pgm
intrinsics: [573.679, 0, 320.0, 0, 573.679, 240.0, 0, 0, 1]
pose: [-0.9325880802778909, -0.07957212340590904, -0.3520621389758819, 0.5294021020998783,
  0.312403779613747, 0.3106001295223344, -0.8977368423005454, 1.2781799231618642,
  0.1807853727673891, -0.9472042212307671, -0.26480334642140047, 0.3917999292211507,
  0.0, 0.0, 0.0, 1.0]
rgb: frames/00083.ppm
timestamp: 9.347495
