camera: 1
depth_scaling: 65.536
frame: 120
id: '01_0120'
image: frames/00120.pgm
intrinsics: [573.679, 0, 320.0, 0, 573.679, 240.0, 0, 0, 1]
pose: [-0.9477447332591983, -0.10400179974477969, -0.3016016349910886, 0.5420873863075899,
  0.24273112695786947, 0.3784178799865118, -0.8932421329697097, 1.2786164901342159,
  0.20703024075050908, -0.9197736318009778, -0.3333990786706309, 0.39897994711109835,
  0.0, 0.0, 0.0, 1.0]
rgb: frames/00120.ppm
timestamp: 13.66779
