camera: 1
depth_scaling: 65.536
frame: 26
id: '01_0026'
image: frames/00026.pgm
intrinsics: [573.679, 0, 320.0, 0, 573.679, 240.0, 0, 0, 1]
pose: [-0.9928142443437629, -0.05918823772270621, -0.1040030227608971, 0.40220298188588527,
  0.0855311932073747, 0.2568542301342501, -0.9626579451968724, 1.3605970408564978,
  0.08369164364884948, -0.9646360230560656, -0.24994609780096963, 0.43323225001650956,
  0.0, 0.0, 0.0, 1.0]
rgb: frames/00026.ppm
timestamp: 2.92982
