camera: 1
depth_scaling: 65.536
frame: 78
id: 01_0078
image: frames/00078.pgm
intrinsics: [573.679, 0, 320.0, 0, 573.679, 240.0, 0, 0, 1]
pose: [-0.9757772499563271, -0.05152203294273766, -0.21261288434409364, 0.5189226570724041,
  0.19338572528807552, 0.2512240052720295, -0.9484136547044674, 1.2962493547737255,
  0.10227765993838776, -0.966556764653027, -0.2351750432784073, 0.4002828452352198,
  0.0, 0.0, 0.0, 1.0]
rgb: frames/00078.ppm
timestamp: 8.855145
