camera: 1
depth_scaling: 65.536
frame: 47
id: '01_0047'
image: frames/00047.pgm
intrinsics: [573.679, 0, 320.0, 0, 573.679, 240.0, 0, 0, 1]
pose: [-0.99065597803176, -0.053702423990272474, 0.12536659382589077, 0.28960544346640893,
  -0.13572019688708603, 0.2975622973835219, -0.9450061943356625, 1.311602297802646,
  0.013444751647668646, -0.9531908144927802, -0.30207037229712397, 0.44300661560551596,
  0.0, 0.0, 0.0, 1.0]
rgb: frames/00047.ppm
timestamp: 5.338245
