camera: 1
depth_scaling: 65.536
frame: 121
id: '01_0121'
image: frames/00121.pgm
intrinsics: [573.679, 0, 320.0, 0, 573.679, 240.0, 0, 0, 1]
pose: [-0.9915490263641685, -0.06728693339394454, -0.11091887535811279, 0.48549931792144274,
  0.08391578190974298, 0.3193804340808256, -0.9439037450253178, 1.3181128946188294,
  0.09893770698144441, -0.9452346835155714, -0.3110349228245465, 0.43295359211917434,
  0.0, 0.0, 0.0, 1.0]
rgb: frames/00121.ppm
timestamp: 13.797422
