camera: 1
depth_scaling: 65.536
frame: 673
id: '01_0673'
image: frames/00673.pgm
intrinsics: [573.679, 0, 320.0, 0, 573.679, 240.0, 0, 0, 1]
pose: [-0.9951136767162728, 0.05118446878620504, -0.0844329353232204, 0.3615115887268282,
  0.09859992741806925, 0.5600116226846938, -0.8225965212491528, 1.1196581515660147,
  0.005179259152870361, -0.8269021300088242, -0.562322009760864, 0.46764194915896884,
  0.0, 0.0, 0.0, 1.0]
rgb: frames/00673.ppm
timestamp: 81.622604
