camera: 1
depth_scaling: 65.536
frame: 39
id: 01_0039
image: frames/00039.pgm
intrinsics: [573.679, 0, 320.0, 0, 573.679, 240.0, 0, 0, 1]
pose: [-0.9766026295225223, -0.06567831871116932, -0.20477710433778734, 0.7247386244279546,
  0.17096578345342123, 0.3405124099659167, -0.9245658438139285, 1.2878874349380693,
  0.13045307546337434, -0.9379433123118247, -0.3213165697434069, 0.4845444388511454,
  0.0, 0.0, 0.0, 1.0]
rgb: frames/00039.ppm
timestamp: 4.545757
