camera: 1
depth_scaling: 65.536
frame: 49
id: 01_0049
image: frames/00049.pgm
intrinsics: [573.679, 0, 320.0, 0, 573.679, 240.0, 0, 0, 1]
pose: [-0.9945793328884764, -0.094772247100297, -0.04278050690061605, 0.5630004763171215,
  0.009316019491810101, 0.32855644551408836, -0.9444383907338668, 1.261623550556034,
  0.10356235982219425, -0.9397174486465109, -0.32589255029434205, 0.4848069383987326,
  0.0, 0.0, 0.0, 1.0]
rgb: frames/00049.ppm
timestamp: 5.690887
