camera: 1
depth_scaling: 65.536
frame: 73
id: '01_0073'
image: frames/00073.pgm
intrinsics: [573.679, 0, 320.0, 0, 573.679, 240.0, 0, 0, 1]
pose: [-0.9730567736861987, -0.1911460463849223, 0.12893294433471741, 0.3528833294716188,
  -0.1905889074093453, 0.3521233745785037, -0.9163432748964543, 1.1297185080888539,
  0.1297550906743862, -0.9162272196496128, -0.3790663509429739, 0.4658635999998302,
  0.0, 0.0, 0.0, 1.0]
rgb: frames/00073.ppm
timestamp: 8.468938
