camera: 1
depth_scaling: 65.536
frame: 159
id: 01_0159
image: frames/00159.pgm
intrinsics: [573.679, 0, 320.0, 0, 573.679, 240.0, 0, 0, 1]
pose: [-0.3451486554362955, 0.3092707607331628, -0.8861286600748496, 1.423148567438198,
  0.9239802614831021, 0.2776717330416554, -0.2629807693715682, 0.55291873310032, 0.1647206181391262,
  -0.9095328499978296, -0.381598103683299, 0.45963586425873365, 0.0, 0.0, 0.0, 1.0]
rgb: frames/00159.ppm
timestamp: 18.959501
