camera: 1
depth_scaling: 65.536
frame: 154
id: '01_0154'
image: frames/00154.pgm
intrinsics: [573.679, 0, 320.0, 0, 573.679, 240.0, 0, 0, 1]
pose: [-0.4503958169001422, 0.2426541076599198, -0.8592220854672101, 1.3036475311489357,
  0.8612227346325603, 0.3718670252585222, -0.3464250523235763, 0.6478597794493444,
  0.2354548990164968, -0.8960099885387136, -0.3764665867882375, 0.4483827120727964,
  0.0, 0.0, 0.0, 1.0]
rgb: frames/00154.ppm
timestamp: 18.157385
