camera: 1
depth_scaling: 65.536
frame: 49
id: 01_0049
image: frames/00049.pgm
intrinsics: [573.679, 0, 320.0, 0, 573.679, 240.0, 0, 0, 1]
pose: [-0.849951888096934, -0.026305799662808958, -0.5262031858745796, 1.0612329170089914,
  0.4838350319234282, 0.3563350294758008, -0.799330350138249, 1.0388199854014664,
  0.2085316518040183, -0.9339878755490247, -0.2901399636784071, 0.4254720227560231,
  0.0, 0.0, 0.0, 1.0]
rgb: frames/00049.ppm
timestamp: 5.395266
