camera: 1
depth_scaling: 65.536
frame: 22
id: '01_0022'
image: frames/00022.pgm
intrinsics: [573.679, 0, 320.0, 0, 573.679, 240.0, 0, 0, 1]
pose: [-0.9812163948222608, -0.0877810482237844, -0.1717814719483428, 0.6229142653189058,
  0.13705324342246394, 0.3094600458736213, -0.940984000116516, 1.174531069147381,
  0.13576006408140978, -0.9468521360701627, -0.2916165931835527, 0.4252526422482674,
  0.0, 0.0, 0.0, 1.0]
rgb: frames/00022.ppm
timestamp: 2.405113
