camera: 1
depth_scaling: 65.536
frame: 172
id: '01_0172'
image: frames/00172.pgm
intrinsics: [573.679, 0, 320.0, 0, 573.679, 240.0, 0, 0, 1]
pose: [-0.8289211996924715, 0.11254538676243558, -0.5479262547267543, 0.9703662127497472,
  0.5537729327235478, 0.303280932176018, -0.7754716082238001, 0.933507632544632, 0.07889983322640873,
  -0.9462315848125868, -0.3137205830351357, 0.34253049518484424, 0.0, 0.0, 0.0, 1.0]
rgb: frames/00172.ppm
timestamp: 21.719728
