camera: 1
depth_scaling: 65.536
frame: 363
id: '01_0363'
image: frames/00363.pgm
intrinsics: [573.679, 0, 320.0, 0, 573.679, 240.0, 0, 0, 1]
pose: [-0.9429619957321588, -0.07645468168861169, -0.3240020929758286, 0.9244034171993578,
  0.2725177670098389, 0.381706638717913, -0.8831953966267282, 1.1121409150913535,
  0.19119817276531592, -0.9211160207088821, -0.3390995946984288, 0.4602520473088858,
  0.0, 0.0, 0.0, 1.0]
rgb: frames/00363.ppm
timestamp: 49.278992
