camera: 1
depth_scaling: 65.536
frame: 386
id: 01_0386
image: frames/00386.pgm
intrinsics: [573.679, 0, 320.0, 0, 573.679, 240.0, 0, 0, 1]
pose: [-0.7305627506315028, 0.045307918288905166, -0.6813407810560431, 1.3430796426284677,
  0.6521364750907398, 0.34215700050718634, -0.6764958276738672, 0.9139113099447007,
  0.20247490028632636, -0.9385498279496147, -0.2795141055649804, 0.45109796972805605,
  0.0, 0.0, 0.0, 1.0]
rgb: frames/00386.ppm
timestamp: 52.157997
