camera: 1
depth_scaling: 65.536
frame: 69
id: 01_0069
image: frames/00069.pgm
intrinsics: [573.679, 0, 320.0, 0, 573.679, 240.0, 0, 0, 1]
pose: [-0.9127935683304473, 0.05303227154676215, -0.40496355365533776, 1.0199762036462479,
  0.3912067910173048, 0.39836053779300923, -0.8296180618761909, 1.135443842050999,
  0.1173249686831918, -0.9156945233558269, -0.38436752154628395, 0.5146721626533008,
  0.0, 0.0, 0.0, 1.0]
rgb: frames/00069.ppm
timestamp: 12.180972
