camera: 1
depth_scaling: 65.536
frame: 35
id: '01_0035'
image: frames/00035.pgm
intrinsics: [573.679, 0, 320.0, 0, 573.679, 240.0, 0, 0, 1]
pose: [-0.9349190151376375, 0.015544992041062862, -0.3545205048463535, 0.9205641601414714,
  0.33360284178285193, 0.37908952114465083, -0.863133986651392, 1.2255609259557354,
  0.12097759746529725, -0.9252294246189767, -0.3596038552779459, 0.5278367498148145,
  0.0, 0.0, 0.0, 1.0]
rgb: frames/00035.ppm
timestamp: 5.823317
