camera: 1
depth_scaling: 65.536
frame: 148
id: 01_0148
image: frames/00148.pgm
intrinsics: [573.679, 0, 320.0, 0, 573.679, 240.0, 0, 0, 1]
pose: [-0.39728884040155754, 0.3252599123333155, -0.8581186204257016, 1.3057163024593135,
  0.9110286228171677, 0.2522822178857719, -0.326160284134183, 0.6822329509279041,
  0.11040120334598118, -0.911350466048907, -0.39654999978842453, 0.5022477380293414,
  0.0, 0.0, 0.0, 1.0]
rgb: frames/00148.ppm
timestamp: 28.339603
