camera: 1
depth_scaling: 65.536
frame: 130
id: '01_0130'
image: frames/00130.pgm
intrinsics: [573.679, 0, 320.0, 0, 573.679, 240.0, 0, 0, 1]
pose: [-0.5830272962598074, 0.22898488677793452, -0.7795159353363311, 1.2866535472862963,
  0.7974890540136121, 0.3445913776511031, -0.4952453848113977, 0.749117613517538,
  0.15521076169020204, -0.9103970035516435, -0.38351911996631405, 0.5029535979872506,
  0.0, 0.0, 0.0, 1.0]
rgb: frames/00130.ppm
timestamp: 24.244532
