camera: 1
depth_scaling: 65.536
frame: 111
id: '01_0111'
image: frames/00111.pgm
intrinsics: [573.679, 0, 320.0, 0, 573.679, 240.0, 0, 0, 1]
pose: [-0.6443340847509165, 0.2388189546714487, -0.7264978280200397, 1.184779791219218,
  0.7548025403193966, 0.3512824805219149, -0.5539618615083138, 0.8365689355324831,
  0.12290936642739766, -0.9052989151479235, -0.406604429238552, 0.4957277448739027,
  0.0, 0.0, 0.0, 1.0]
rgb: frames/00111.ppm
timestamp: 20.371763
