camera: 1
depth_scaling: 65.536
frame: 30
id: '01_0030'
image: frames/00030.pgm
intrinsics: [573.679, 0, 320.0, 0, 573.679, 240.0, 0, 0, 1]
pose: [-0.9941560660087179, -0.06034159358914365, -0.08951317501458642, 0.3260104106542092,
  0.07308856741074765, 0.23400422589498907, -0.9694844421532155, 1.3695747000323542,
  0.07944669742609797, -0.9703612287939011, -0.22822644001446565, 0.4024172131830618,
  0.0, 0.0, 0.0, 1.0]
rgb: frames/00030.ppm
timestamp: 3.44063
