camera: 1
depth_scaling: 65.536
frame: 68
id: 01_0068
image: frames/00068.pgm
intrinsics: [573.679, 0, 320.0, 0, 573.679, 240.0, 0, 0, 1]
pose: [-0.9907415409031187, 0.006547931684770283, -0.1356035534916598, 0.3433014719898095,
  0.12597480958772211, 0.4167046744162962, -0.9002708268454254, 1.3320407029483659,
  0.0506117227354594, -0.9090183380494918, -0.41367150567991606, 0.48826303950840627,
  0.0, 0.0, 0.0, 1.0]
rgb: frames/00068.ppm
timestamp: 7.774443
