camera: 1
depth_scaling: 65.536
frame: 91
id: 01_0091
image: frames/00091.pgm
intrinsics: [573.679, 0, 320.0, 0, 573.679, 240.0, 0, 0, 1]
pose: [-0.9720681836348678, 0.0241628351953318, -0.23345150194447692, 0.43013803459825495,
  0.20923091873261132, 0.539855083637915, -0.8153397520767689, 1.22969704800268, 0.10632906004999879,
  -0.8414111040779193, -0.5298315627850616, 0.6171645205231082, 0.0, 0.0, 0.0, 1.0]
rgb: frames/00091.ppm
timestamp: 10.453504
