camera: 1
depth_scaling: 65.536
frame: 111
id: '01_0111'
image: frames/00111.pgm
intrinsics: [573.679, 0, 320.0, 0, 573.679, 240.0, 0, 0, 1]
pose: [-0.9437201807182298, -0.04759005511159138, -0.32730323426392766, 0.6468356496413563,
  0.23364493918153356, 0.6045028982185456, -0.7615683084531788, 1.1017815016312722,
  0.23409883147937607, -0.795180125946225, -0.5593624088193059, 0.6064507244006034,
  0.0, 0.0, 0.0, 1.0]
rgb: frames/00111.ppm
timestamp: 12.803934
