camera: 1
depth_scaling: 65.536
frame: 532
id: '01_0532'
image: frames/00532.pgm
intrinsics: [573.679, 0, 320.0, 0, 573.679, 240.0, 0, 0, 1]
pose: [-0.999785285568896, -0.01833594286992076, -0.009652769498539868, 0.3335686166806972,
  -0.0005935283680458051, 0.49098122387108206, -0.8711699521506301, 1.1507435897470304,
  0.02071305105476411, -0.8709771701974315, -0.490886686019164, 0.4758505052756094,
  0.0, 0.0, 0.0, 1.0]
rgb: frames/00532.ppm
timestamp: 65.540436
