camera: 1
depth_scaling: 65.536
frame: 87
id: 01_0087
image: frames/00087.pgm
intrinsics: [573.679, 0, 320.0, 0, 573.679, 240.0, 0, 0, 1]
pose: [-0.6553579009002288, 0.458788352100851, -0.6000160578719801, 1.196461058274365,
  0.7529733080314098, 0.4593861848950165, -0.4711640165800413, 0.7157952508399091,
  0.05947452496558117, -0.7605771368534471, -0.6465177490030194, 0.6547646253040305,
  0.0, 0.0, 0.0, 1.0]
rgb: frames/00087.ppm
timestamp: 13.393423
