camera: 1
depth_scaling: 65.536
frame: 35
id: '01_0035'
image: frames/00035.pgm
intrinsics: [573.679, 0, 320.0, 0, 573.679, 240.0, 0, 0, 1]
pose: [-0.5354352507490294, 0.211907835555377, -0.8175598825074278, 1.20843749007411,
  0.8338189426150058, 0.2866391986985815, -0.47178802518273955, 0.845671986659301,
  0.13436913035261552, -0.9343088563209013, -0.3301694986042947, 0.3126946099132889,
  0.0, 0.0, 0.0, 1.0]
rgb: frames/00035.ppm
timestamp: 5.267258
