camera: 1
depth_scaling: 65.536
frame: 130
id: '01_0130'
image: frames/00130.pgm
intrinsics: [573.679, 0, 320.0, 0, 573.679, 240.0, 0, 0, 1]
pose: [-0.9690314485230551, 0.13869791138899315, -0.20430599880972766, 0.7822512717368123,
  0.24523482390191276, 0.637512455359394, -0.7303682293250677, 1.0503500007771376,
  0.028947070993578822, -0.7578527288582971, -0.651783175943446, 0.6047573236411405,
  0.0, 0.0, 0.0, 1.0]
rgb: frames/00130.ppm
timestamp: 20.554132
