camera: 1
depth_scaling: 65.536
frame: 184
id: 01_0184
image: frames/00184.pgm
intrinsics: [573.679, 0, 320.0, 0, 573.679, 240.0, 0, 0, 1]
pose: [-0.7172596710891423, -0.49231225426533887, 0.49311987237311333, -0.08713131761054127,
  -0.695201822486122, 0.4576043314185667, -0.5543398793871332, 0.8830785604059533,
  0.047254526143748365, -0.7404234735387223, -0.6704775086397627, 0.5816144277938182,
  0.0, 0.0, 0.0, 1.0]
rgb: frames/00184.ppm
timestamp: 29.868988
