camera: 1
depth_scaling: 65.536
frame: 232
id: '01_0232'
image: frames/00232.pgm
intrinsics: [573.679, 0, 320.0, 0, 573.679, 240.0, 0, 0, 1]
pose: [0.11394844464043491, -0.6292514605433988, 0.7688031941713201, -0.2869793536472254,
  -0.9934807369965358, -0.07484495594145796, 0.08598987025772903, 0.19959794575573508,
  0.0034317897437912553, -0.7735895759213152, -0.6336776710955137, 0.5707048203314615,
  0.0, 0.0, 0.0, 1.0]
rgb: frames/00232.ppm
timestamp: 41.003765
