camera: 1
depth_scaling: 65.536
frame: 38
id: 01_0038
image: frames/00038.pgm
intrinsics: [573.679, 0, 320.0, 0, 573.679, 240.0, 0, 0, 1]
pose: [-0.992644246406319, -0.12098343580430525, -0.004517558789516263, 0.2315700069387836,
  -0.048012270720653914, 0.4276369698311021, -0.9026746057655104, 1.108921122489288,
  0.1111405503705908, -0.8958178555346274, -0.43030006712602725, 0.5062569789845571,
  0.0, 0.0, 0.0, 1.0]
rgb: frames/00038.ppm
timestamp: 4.259033
