camera: 1
depth_scaling: 65.536
frame: 27
id: '01_0027'
image: frames/00027.pgm
intrinsics: [573.679, 0, 320.0, 0, 573.679, 240.0, 0, 0, 1]
pose: [-0.995366393099633, -0.05490573654141356, -0.07893733959712279, 0.32860271248002426,
  0.05292270591429486, 0.3725843503719394, -0.926488040428277, 1.2097687598529863,
  0.08028032565040866, -0.9263726366601966, -0.3679521808070983, 0.5051420145370895,
  0.0, 0.0, 0.0, 1.0]
rgb: frames/00027.ppm
timestamp: 3.024733
