camera: 1
depth_scaling: 65.536
frame: 20
id: '01_0020'
image: frames/00020.pgm
intrinsics: [573.679, 0, 320.0, 0, 573.679, 240.0, 0, 0, 1]
pose: [-0.9957347006096241, -0.051508357583909065, -0.07654603256126524, 0.35338131913244886,
  0.055272548035924296, 0.33126923480442644, -0.9419159407854324, 1.1855600051471118,
  0.07387388872584523, -0.942129281559117, -0.32700927417035663, 0.509947495914738,
  0.0, 0.0, 0.0, 1.0]
rgb: frames/00020.ppm
timestamp: 2.249549
