camera: 1
depth_scaling: 65.536
frame: 464
id: '01_0464'
image: frames/00464.pgm
intrinsics: [573.679, 0, 320.0, 0, 573.679, 240.0, 0, 0, 1]
pose: [-0.9964373923067968, -0.03709698415542522, -0.07573860956871853, 0.3999112579081182,
  0.05266122886993639, 0.4277742726227161, -0.9023502461106854, 1.1051216942611548,
  0.06587350140032665, -0.9031240144347165, -0.42429670793512286, 0.40261304059357067,
  0.0, 0.0, 0.0, 1.0]
rgb: frames/00464.ppm
timestamp: 54.896896
