camera: 1
depth_scaling: 65.536
frame: 447
id: '01_0447'
image: frames/00447.pgm
intrinsics: [573.679, 0, 320.0, 0, 573.679, 240.0, 0, 0, 1]
pose: [-0.9993636138643307, -0.03181320991541192, -0.0161334112605738, 0.38664350249566637,
  0.0007177661816274855, 0.4342665121698921, -0.9007841479619327, 1.1062945006426728,
  0.03566303542512028, -0.9002224814359366, -0.4339673165361554, 0.41579201664534876,
  0.0, 0.0, 0.0, 1.0]
rgb: frames/00447.ppm
timestamp: 52.775196
