camera: 1
depth_scaling: 65.536
frame: 44
id: '01_0044'
image: frames/00044.pgm
intrinsics: [573.679, 0, 320.0, 0, 573.679, 240.0, 0, 0, 1]
pose: [-0.9955542632406448, -0.009400592887414037, -0.09371946327600558, 0.33969070370937227,
  0.0843696350682466, 0.35335435067387855, -0.9316772335622954, 1.0707244407716843,
  0.04187449846658863, -0.9354423187525815, -0.3509903056566733, 0.38625839868267076,
  0.0, 0.0, 0.0, 1.0]
rgb: frames/00044.ppm
timestamp: 4.690274
