camera: 1
depth_scaling: 65.536
frame: 25
id: '01_0025'
image: frames/00025.pgm
intrinsics: [573.679, 0, 320.0, 0, 573.679, 240.0, 0, 0, 1]
pose: [-0.9967541925048397, -0.023661880103719894, 0.07694930249185042, 0.3478690703195172,
  -0.08002952491257144, 0.39497977223315833, -0.9151973856326899, 1.0594824527114968,
  -0.008738127161652875, -0.9183850472196287, -0.3955913929512463, 0.4022480643042404,
  0.0, 0.0, 0.0, 1.0]
rgb: frames/00025.ppm
timestamp: 2.690426
