camera: 1
depth_scaling: 65.536
frame: 70
id: '01_0070'
image: frames/00070.pgm
intrinsics: [573.679, 0, 320.0, 0, 573.679, 240.0, 0, 0, 1]
pose: [-0.9937176680325412, 0.0979190860432276, -0.054194546113305125, 0.30712005060742126,
  0.10209784192643312, 0.594824162148621, -0.7973457511005848, 1.074778821094273,
  -0.0458391417233486, -0.7978697066016793, -0.6010846066681602, 0.5077194069572375,
  0.0, 0.0, 0.0, 1.0]
rgb: frames/00070.ppm
timestamp: 7.424009
