camera: 1
depth_scaling: 65.536
frame: 324
id: '01_0324'
image: frames/00324.pgm
intrinsics: [573.679, 0, 320.0, 0, 573.679, 240.0, 0, 0, 1]
pose: [-0.9858905285432973, -0.059519940666225214, 0.15645204502245158, 0.1929549598686502,
  -0.16738055428329376, 0.33991664342159333, -0.9254406656143951, 1.0038768033429555,
  0.0019015195070050186, -0.9385702169726495, -0.3450830799031998, 0.3472016570762287,
  0.0, 0.0, 0.0, 1.0]
rgb: frames/00324.ppm
timestamp: 37.135063
