camera: 1
depth_scaling: 65.536
frame: 303
id: '01_0303'
image: frames/00303.pgm
intrinsics: [573.679, 0, 320.0, 0, 573.679, 240.0, 0, 0, 1]
pose: [-0.9983294423192317, 0.04444717276278563, 0.03691576129469649, 0.22236466094414015,
  -0.014078362991562753, 0.43253537503446404, -0.9015070432554996, 1.0090040722837181,
  -0.05603681195472956, -0.900520737227739, -0.4311870563093931, 0.39461618860414077,
  0.0, 0.0, 0.0, 1.0]
rgb: frames/00303.ppm
timestamp: 34.612003
