camera: 1
depth_scaling: 65.536
frame: 44
id: '01_0044'
image: frames/00044.pgm
intrinsics: [573.679, 0, 320.0, 0, 573.679, 240.0, 0, 0, 1]
pose: [-0.9925410626438739, -0.10103413238325236, -0.06822274590877597, 0.3199113706696761,
  -0.013619628892247049, 0.6480050906423521, -0.7615142206225924, 1.116110320702047,
  0.12114761522459871, -0.7549049652738815, -0.64454770865331, 0.6370734832371071,
  0.0, 0.0, 0.0, 1.0]
rgb: frames/00044.ppm
timestamp: 5.238759
