camera: 1
depth_scaling: 65.536
frame: 25
id: '01_0025'
image: frames/00025.pgm
intrinsics: [573.679, 0, 320.0, 0, 573.679, 240.0, 0, 0, 1]
pose: [-0.9426598749458563, 0.12732727009109665, -0.3085127654704283, 0.7087872151032464,
  0.3235647994820074, 0.575315199115601, -0.7512111834915298, 1.2258898249187422,
  0.0818424138404458, -0.807960511385133, -0.58352517626838, 0.6114536019499156, 0.0,
  0.0, 0.0, 1.0]
rgb: frames/00025.ppm
timestamp: 2.923373
