camera: 1
depth_scaling: 65.536
frame: 8
id: 01_0008
image: frames/00008.pgm
intrinsics: [573.679, 0, 320.0, 0, 573.679, 240.0, 0, 0, 1]
pose: [-0.9483098600680331, 0.1568862163944497, -0.27585344732879746, 0.6850283633433777,
  0.31497282907821705, 0.5714146906736655, -0.7578109053218908, 1.0525653208026764,
  0.03873662659824509, -0.8055258942999618, -0.5912930807746993, 0.593156207261162,
  0.0, 0.0, 0.0, 1.0]
rgb: frames/00008.ppm
timestamp: 0.930632
