camera: 1
depth_scaling: 65.536
frame: 390
id: 01_0390
image: frames/00390.pgm
intrinsics: [573.679, 0, 320.0, 0, 573.679, 240.0, 0, 0, 1]
pose: [-0.9465449213463833, -0.08801626202390535, -0.31033183770394696, 0.6035471863262003,
  0.24779774313583341, 0.4175213197868465, -0.8742266445380384, 1.2014304527109372,
  0.20651631986396896, -0.9043943194994036, -0.37339245370930285, 0.43396160335673767,
  0.0, 0.0, 0.0, 1.0]
rgb: frames/00390.ppm
timestamp: 51.797287
