camera: 1
depth_scaling: 65.536
frame: 400
id: '01_0400'
image: frames/00400.pgm
intrinsics: [573.679, 0, 320.0, 0, 573.679, 240.0, 0, 0, 1]
pose: [-0.9535562391446316, -0.08057675856976124, -0.29023763499370137, 0.6067226519453164,
  0.23423355243273686, 0.4074513701990412, -0.882676624725989, 1.1876886353333904,
  0.18938094334723057, -0.9096651949488418, -0.36965401579801455, 0.4306596193382191,
  0.0, 0.0, 0.0, 1.0]
rgb: frames/00400.ppm
timestamp: 53.193481
