camera: 1
depth_scaling: 65.536
frame: 92
id: 01_0092
image: frames/00092.pgm
intrinsics: [573.679, 0, 320.0, 0, 573.679, 240.0, 0, 0, 1]
pose: [-0.7568729607163976, -0.32673918692941173, 0.5660254632621234, -0.0944762173349859,
  -0.646655288264086, 0.2488132571607646, -0.7210609552743396, 1.0089914446561175,
  0.09476423110270296, -0.9117748991860646, -0.39960764972377005, 0.43532677350633636,
  0.0, 0.0, 0.0, 1.0]
rgb: frames/00092.ppm
timestamp: 17.794657
