camera: 1
depth_scaling: 65.536
frame: 75
id: '01_0075'
image: frames/00075.pgm
intrinsics: [573.679, 0, 320.0, 0, 573.679, 240.0, 0, 0, 1]
pose: [-0.8320390375943815, -0.3023349979852126, 0.4650855716019333, 0.030356789693218755,
  -0.5396805480385576, 0.24730202876004523, -0.8047276636477512, 1.100372583362164,
  0.12828073116340413, -0.9205624669540071, -0.36892925940854177, 0.45976034674243904,
  0.0, 0.0, 0.0, 1.0]
rgb: frames/00075.ppm
timestamp: 14.257661
