camera: 1
depth_scaling: 65.536
frame: 57
id: '01_0057'
image: frames/00057.pgm
intrinsics: [573.679, 0, 320.0, 0, 573.679, 240.0, 0, 0, 1]
pose: [-0.9668278573782954, -0.18749103949492218, 0.1734675886337509, 0.22089507334863406,
  -0.22589685062025527, 0.31063549406601576, -0.923296378583937, 1.296448209680883,
  0.11922460768291385, -0.9318544413885015, -0.34268468449491496, 0.4940045109610439,
  0.0, 0.0, 0.0, 1.0]
rgb: frames/00057.ppm
timestamp: 10.749533
