camera: 1
depth_scaling: 65.536
frame: 18
id: 01_0018
image: frames/00018.pgm
intrinsics: [573.679, 0, 320.0, 0, 573.679, 240.0, 0, 0, 1]
pose: [-0.9949993210528739, -0.09778193790046345, -0.0203726219409746, 0.6070013788016452,
  -0.012324869096864983, 0.3226053093584164, -0.9464533332264753, 1.5002707526210959,
  0.09911835705894795, -0.94146933406999, -0.32219721336433765, 0.5048527003270609,
  0.0, 0.0, 0.0, 1.0]
rgb: frames/00018.ppm
timestamp: 3.206628
