camera: 1
depth_scaling: 65.536
frame: 38
id: 01_0038
image: frames/00038.pgm
intrinsics: [573.679, 0, 320.0, 0, 573.679, 240.0, 0, 0, 1]
pose: [-0.9888068786746228, -0.06826219799030785, -0.1326696235439069, 0.5494655046928084,
  0.10533813881756758, 0.3103301339980252, -0.9447746209775211, 1.387648374122021,
  0.1056637742852338, -0.9481748152415249, -0.2996659582693693, 0.5171982084609529,
  0.0, 0.0, 0.0, 1.0]
rgb: frames/00038.ppm
timestamp: 7.201127
