camera: 1
depth_scaling: 65.536
frame: 32
id: '01_0032'
image: frames/00032.pgm
intrinsics: [573.679, 0, 320.0, 0, 573.679, 240.0, 0, 0, 1]
pose: [-0.9923860407808154, -0.023112654935555345, -0.12097830898639472, 0.6636832197225591,
  0.10240060529305571, 0.39097377880949247, -0.9146877173762868, 1.1846647292693153,
  0.06844020820390198, -0.9201115744654318, -0.38563017054653603, 0.5110640212969549,
  0.0, 0.0, 0.0, 1.0]
rgb: frames/00032.ppm
timestamp: 4.479805
