camera: 1
depth_scaling: 65.536
frame: 89
id: 01_0089
image: frames/00089.pgm
intrinsics: [573.679, 0, 320.0, 0, 573.679, 240.0, 0, 0, 1]
pose: [-0.6096107041317672, 0.2053696516099079, -0.7656357460343632, 1.2087413901510693,
  0.7724172012818258, 0.3709897510201674, -0.5154980812786271, 0.704293104462556,
  0.17817535343566085, -0.9056433684600241, -0.38479037486982187, 0.47211802692373406,
  0.0, 0.0, 0.0, 1.0]
rgb: frames/00089.ppm
timestamp: 15.002426
