camera: 1
depth_scaling: 65.536
frame: 23
id: '01_0023'
image: frames/00023.pgm
intrinsics: [573.679, 0, 320.0, 0, 573.679, 240.0, 0, 0, 1]
pose: [-0.9987537997871895, -0.049795157373960106, 0.0033600167786777546, 0.5543234618151719,
  -0.020558438888052293, 0.3491301672786167, -0.9368486947669252, 1.1574446791606705,
  0.045477444971509406, -0.9357502704237428, -0.34971879188964894, 0.5078187757922377,
  0.0, 0.0, 0.0, 1.0]
rgb: frames/00023.ppm
timestamp: 3.080732
