camera: 1
depth_scaling: 65.536
frame: 59
id: 01_0059
image: frames/00059.pgm
intrinsics: [573.679, 0, 320.0, 0, 573.679, 240.0, 0, 0, 1]
pose: [-0.9142187988555104, 0.07280201573934458, -0.3986274630823569, 0.954260762124972,
  0.3913969163805315, 0.41340184572589955, -0.822135857263403, 1.0768705168954944,
  0.10494018137490943, -0.9076336157584224, -0.4064342233108492, 0.5013894061353166,
  0.0, 0.0, 0.0, 1.0]
rgb: frames/00059.ppm
timestamp: 9.04568
