camera: 1
depth_scaling: 65.536
frame: 169
id: 01_0169
image: frames/00169.pgm
intrinsics: [573.679, 0, 320.0, 0, 573.679, 240.0, 0, 0, 1]
pose: [0.07815505629064606, 0.3973995388969997, -0.9143114314393419, 1.277951569111385,
  0.9929982894987138, 0.050455381855015274, 0.10681128917157298, 0.15495684765193118,
  0.08857868947345479, -0.9162575298060675, -0.39067371916325344, 0.45053822470376176,
  0.0, 0.0, 0.0, 1.0]
rgb: frames/00169.ppm
timestamp: 32.555866
