camera: 1
depth_scaling: 65.536
frame: 45
id: '01_0045'
image: frames/00045.pgm
intrinsics: [573.679, 0, 320.0, 0, 573.679, 240.0, 0, 0, 1]
pose: [-0.99973854401408, -0.02179641070880933, -0.006910867732802958, 0.359123704816232,
  0.0014012413179778256, 0.24326833759337996, -0.9699580158168302, 1.3404347150020748,
  0.02282279858773213, -0.969714098280914, -0.24317419159906248, 0.3698217032020979,
  0.0, 0.0, 0.0, 1.0]
rgb: frames/00045.ppm
timestamp: 5.116101
