camera: 1
depth_scaling: 65.536
frame: 33
id: '01_0033'
image: frames/00033.pgm
intrinsics: [573.679, 0, 320.0, 0, 573.679, 240.0, 0, 0, 1]
pose: [-0.9932454003135274, 0.008238396817766402, -0.1157398098058467, 0.3995148753155466,
  0.11414805113606293, 0.24842216122388963, -0.9619026209729811, 1.3282250663615354,
  0.020827798199985408, -0.9686168275591358, -0.24768456591280744, 0.3557219602993252,
  0.0, 0.0, 0.0, 1.0]
rgb: frames/00033.ppm
timestamp: 3.741358
