camera: 1
depth_scaling: 65.536
frame: 83
id: 01_0083
image: frames/00083.pgm
intrinsics: [573.679, 0, 320.0, 0, 573.679, 240.0, 0, 0, 1]
pose: [-0.992526952698166, 0.029224328652523543, -0.11847441404160496, 0.37269726783182483,
  0.12197300811307635, 0.20909795348238325, -0.970258022971893, 1.351531562513129,
  -0.003582381824954208, -0.9774579195363287, -0.21109993386112622, 0.3756556788153659,
  0.0, 0.0, 0.0, 1.0]
rgb: frames/00083.ppm
timestamp: 9.428586
