camera: 1
depth_scaling: 65.536
frame: 663
id: '01_0663'
image: frames/00663.pgm
intrinsics: [573.679, 0, 320.0, 0, 573.679, 240.0, 0, 0, 1]
pose: [-0.996272488483293, -0.03393810889187505, -0.07930531795630386, 0.38149188032874876,
  0.05176418591253458, 0.5002171617275997, -0.8643513522694327, 1.133894788138639,
  0.06900433137216658, -0.8652346478719098, -0.4965958179182064, 0.41985738602030565,
  0.0, 0.0, 0.0, 1.0]
rgb: frames/00663.ppm
timestamp: 84.872734
