camera: 1
depth_scaling: 65.536
frame: 666
id: '01_0666'
image: frames/00666.pgm
intrinsics: [573.679, 0, 320.0, 0, 573.679, 240.0, 0, 0, 1]
pose: [-0.9938803391311591, -0.04403517675273189, -0.10130535374247251, 0.38510625438039636,
  0.06588995236127648, 0.49975063895727423, -0.8636595469510105, 1.1316076521871166,
  0.08865881606676543, -0.8650492483495674, -0.4937908588294113, 0.4119499384432367,
  0.0, 0.0, 0.0, 1.0]
rgb: frames/00666.ppm
timestamp: 85.293449
