camera: 1
depth_scaling: 65.536
frame: 38
id: 01_0038
image: frames/00038.pgm
intrinsics: [573.679, 0, 320.0, 0, 573.679, 240.0, 0, 0, 1]
pose: [-0.8054534910584086, 0.054686540653013746, -0.5901305415018174, 1.1252447256789737,
  0.5546990659160833, 0.4201925784195545, -0.7181553754675595, 1.0405170858229775,
  0.2086950407020895, -0.9057856144323184, -0.36878015222327293, 0.45202731985234024,
  0.0, 0.0, 0.0, 1.0]
rgb: frames/00038.ppm
timestamp: 4.405453
