camera: 1
depth_scaling: 65.536
frame: 84
id: 01_0084
image: frames/00084.pgm
intrinsics: [573.679, 0, 320.0, 0, 573.679, 240.0, 0, 0, 1]
pose: [-0.012946477930211975, 0.3753467034936364, -0.926794066060882, 1.3979020831942057,
  0.9736236304715139, 0.21588414932814928, 0.0738312959139312, 0.23294774748455604,
  0.22779248208988745, -0.9013927480545433, -0.36824135951574855, 0.43586317673973046,
  0.0, 0.0, 0.0, 1.0]
rgb: frames/00084.ppm
timestamp: 10.410037
