camera: 1
depth_scaling: 65.536
frame: 22
id: '01_0022'
image: frames/00022.pgm
intrinsics: [573.679, 0, 320.0, 0, 573.679, 240.0, 0, 0, 1]
pose: [-0.9398581416451092, -0.02285838676667015, -0.34079930712638895, 0.8724826276096818,
  0.3044291509690047, 0.3963829204599618, -0.8661428706673758, 1.2020541244219702,
  0.15488565338239837, -0.9178006725439118, -0.3655849557274624, 0.47087904142412823,
  0.0, 0.0, 0.0, 1.0]
rgb: frames/00022.ppm
timestamp: 2.502288
