camera: 1
depth_scaling: 65.536
frame: 14
id: '01_0014'
image: frames/00014.pgm
intrinsics: [573.679, 0, 320.0, 0, 573.679, 240.0, 0, 0, 1]
pose: [-0.9219785444544891, -0.008866884100611795, -0.3871394347414481, 0.8853081480781888,
  0.3579915323347077, 0.3616453497605354, -0.8608453425402428, 1.1678773900843546,
  0.1476401921640228, -0.9322735753859627, -0.3302549837547408, 0.4874095196648898,
  0.0, 0.0, 0.0, 1.0]
rgb: frames/00014.ppm
timestamp: 1.612231
