camera: 1
depth_scaling: 65.536
frame: 57
id: '01_0057'
image: frames/00057.pgm
intrinsics: [573.679, 0, 320.0, 0, 573.679, 240.0, 0, 0, 1]
pose: [-0.4989108640201404, 0.21980289809405906, -0.8383165486569675, 1.361450039028056,
  0.8394584925593299, 0.3629808902259031, -0.4044184869671867, 0.6948475789630812,
  0.2154005316444106, -0.905500722981635, -0.36561051905961583, 0.44756594201818556,
  0.0, 0.0, 0.0, 1.0]
rgb: frames/00057.ppm
timestamp: 6.772419
