camera: 1
depth_scaling: 65.536
frame: 34
id: '01_0034'
image: frames/00034.pgm
intrinsics: [573.679, 0, 320.0, 0, 573.679, 240.0, 0, 0, 1]
pose: [-0.956291869266297, 0.060376934968436075, -0.28611271642307096, 0.7628251247924791,
  0.2918591255445707, 0.2573188513618929, -0.9211977309840458, 1.381017815913768,
  0.018003100053321015, -0.9644385073490241, -0.2636934848092702, 0.33783801920507006,
  0.0, 0.0, 0.0, 1.0]
rgb: frames/00034.ppm
timestamp: 5.203302
