camera: 1
depth_scaling: 65.536
frame: 54
id: '01_0054'
image: frames/00054.pgm
intrinsics: [573.679, 0, 320.0, 0, 573.679, 240.0, 0, 0, 1]
pose: [-0.9831339603167135, -0.019594805503807305, -0.18183415429792768, 0.6278837196099634,
  0.17061446228107977, 0.25980641198864773, -0.9504690071486408, 1.3995890213381919,
  0.06586593453760922, -0.9654618956162139, -0.2520813495295405, 0.3423555829155151,
  0.0, 0.0, 0.0, 1.0]
rgb: frames/00054.ppm
timestamp: 8.663815
