camera: 1
depth_scaling: 65.536
frame: 80
id: 01_0080
image: frames/00080.pgm
intrinsics: [573.679, 0, 320.0, 0, 573.679, 240.0, 0, 0, 1]
pose: [-0.9899349381917332, -0.05830078897156013, -0.12895672201410346, 0.548299976284466,
  0.10898976701535307, 0.26719858974864646, -0.9574581684451149, 1.3716422192836142,
  0.0902776208883918, -0.9618762558882655, -0.2581550300209231, 0.33427515899008947,
  0.0, 0.0, 0.0, 1.0]
rgb: frames/00080.ppm
timestamp: 13.254279
