camera: 1
depth_scaling: 65.536
frame: 522
id: '01_0522'
image: frames/00522.pgm
intrinsics: [573.679, 0, 320.0, 0, 573.679, 240.0, 0, 0, 1]
pose: [-0.9975128407190522, 0.031237848169927716, -0.06318488302053948, 0.49888819229521236,
  0.07047914536539768, 0.4305101837659567, -0.8998298015415834, 1.2790505072333436,
  -0.0009070111189292268, -0.902044998054706, -0.4316410532089312, 0.4627352623155627,
  0.0, 0.0, 0.0, 1.0]
rgb: frames/00522.ppm
timestamp: 105.654053
