camera: 1
depth_scaling: 65.536
frame: 531
id: '01_0531'
image: frames/00531.pgm
intrinsics: [573.679, 0, 320.0, 0, 573.679, 240.0, 0, 0, 1]
pose: [-0.9929653772124811, 0.011658234494785688, -0.11782972980423734, 0.5009376025756047,
  0.11015397581785488, 0.4559350821068338, -0.8831700303541523, 1.295979594364765,
  0.04342650422028535, -0.8899366755408498, -0.45401195166923325, 0.47961023469667435,
  0.0, 0.0, 0.0, 1.0]
rgb: frames/00531.ppm
timestamp: 107.600121
