camera: 1
depth_scaling: 65.536
frame: 12
id: '01_0012'
image: frames/00012.pgm
intrinsics: [573.679, 0, 320.0, 0, 573.679, 240.0, 0, 0, 1]
pose: [-0.9958484636323552, 0.05407068757248555, -0.07322703207502303, 0.42659568413769594,
  0.08734119368376636, 0.34100735894663575, -0.9359943894223592, 1.1663673909957997,
  -0.025638903388651588, -0.9385043110661129, -0.3443142528902171, 0.35432074049485457,
  0.0, 0.0, 0.0, 1.0]
rgb: frames/00012.ppm
timestamp: 1.39288
