camera: 1
depth_scaling: 65.536
frame: 5
id: '01_0005'
image: frames/00005.pgm
intrinsics: [573.679, 0, 320.0, 0, 573.679, 240.0, 0, 0, 1]
pose: [-0.9953322361838312, 0.06251095760404704, -0.07352632040785834, 0.43086709023031394,
  0.0901794097599162, 0.3310875905623899, -0.9392809385008004, 1.1644647773678847,
  -0.03437169865815696, -0.9415271570990484, -0.33517935314744024, 0.35105077206399515,
  0.0, 0.0, 0.0, 1.0]
rgb: frames/00005.ppm
timestamp: 0.613931
