camera: 1
depth_scaling: 65.536
frame: 22
id: '01_0022'
image: frames/00022.pgm
intrinsics: [573.679, 0, 320.0, 0, 573.679, 240.0, 0, 0, 1]
pose: [-0.9990419321438273, 0.03678653084446302, 0.023705884644058525, 0.3868534404266001,
  -0.00907136397883282, 0.3558492764520388, -0.934499332693247, 1.1741088674158937,
  -0.04281271042449398, -0.9338190636290253, -0.3551746446878192, 0.3794128602061348,
  0.0, 0.0, 0.0, 1.0]
rgb: frames/00022.ppm
timestamp: 2.464746
