camera: 1
depth_scaling: 65.536
frame: 29
id: 01_0029
image: frames/00029.pgm
intrinsics: [573.679, 0, 320.0, 0, 573.679, 240.0, 0, 0, 1]
pose: [-0.9932030584436068, 0.01835917527577072, 0.1149374846664863, 0.3207568685942417,
  -0.10168010572441273, 0.34373007456666, -0.9335474235079173, 1.1700759821033033,
  -0.05664663095134168, -0.9388890118227989, -0.33952699845560225, 0.3962115817547509,
  0.0, 0.0, 0.0, 1.0]
rgb: frames/00029.ppm
timestamp: 3.226932
