camera: 1
depth_scaling: 65.536
frame: 55
id: '01_0055'
image: frames/00055.pgm
intrinsics: [573.679, 0, 320.0, 0, 573.679, 240.0, 0, 0, 1]
pose: [-0.9956177732351268, -0.0705250179280123, 0.06141230711006801, 0.2287057988624812,
  -0.08157368929530226, 0.3338450302757597, -0.9390917042413542, 1.1479273056543968,
  0.045727265751204185, -0.9399860198994616, -0.3381350315487706, 0.3922183678368181,
  0.0, 0.0, 0.0, 1.0]
rgb: frames/00055.ppm
timestamp: 6.117589
