camera: 1
depth_scaling: 65.536
frame: 56
id: '01_0056'
image: frames/00056.pgm
intrinsics: [573.679, 0, 320.0, 0, 573.679, 240.0, 0, 0, 1]
pose: [-0.9840885055405156, -0.049958832349847763, -0.17051078655989674, 0.4134192252233554,
  0.11275854569893919, 0.5660465607999039, -0.8166252514945037, 1.0979936098535328,
  0.13731468834358215, -0.8228580716483498, -0.55140662880334, 0.5786711969760305,
  0.0, 0.0, 0.0, 1.0]
rgb: frames/00056.ppm
timestamp: 6.097125
