camera: 1
depth_scaling: 65.536
frame: 14
id: '01_0014'
image: frames/00014.pgm
intrinsics: [573.679, 0, 320.0, 0, 573.679, 240.0, 0, 0, 1]
pose: [-0.9807172000565267, 0.035446627963263595, -0.19219081684440728, 0.45608984608334774,
  0.18371373402442778, 0.5026252518804372, -0.8447586164715509, 0.9353202146792114,
  0.06665611332869883, -0.8637773976772958, -0.49944526208359463, 0.4680767565620057,
  0.0, 0.0, 0.0, 1.0]
rgb: frames/00014.ppm
timestamp: 1.51592
