camera: 1
depth_scaling: 65.536
frame: 592
id: 01_0592
image: frames/00592.pgm
intrinsics: [573.679, 0, 320.0, 0, 573.679, 240.0, 0, 0, 1]
pose: [-0.9831460986505287, -0.06834482978372153, -0.1695663084167344, 0.45771206722920577,
  0.11897286271566992, 0.4650575393394926, -0.8772496469310973, 1.0545551084129114,
  0.1388135679445036, -0.8826383570553292, -0.44908832539845234, 0.45154747909100124,
  0.0, 0.0, 0.0, 1.0]
rgb: frames/00592.ppm
timestamp: 74.204468
