camera: 1
depth_scaling: 65.536
frame: 556
id: '01_0556'
image: frames/00556.pgm
intrinsics: [573.679, 0, 320.0, 0, 573.679, 240.0, 0, 0, 1]
pose: [-0.99097326983773, -0.1082726677931906, -0.07905066651245299, 0.42904073944341037,
  0.024281116923528273, 0.4349535376507574, -0.9001254620585051, 1.0790582295930422,
  0.13184235217889434, -0.8939197108767862, -0.4283983481269503, 0.4857223169936249,
  0.0, 0.0, 0.0, 1.0]
rgb: frames/00556.ppm
timestamp: 69.857872
