camera: 1
depth_scaling: 65.536
frame: 578
id: 01_0578
image: frames/00578.pgm
intrinsics: [573.679, 0, 320.0, 0, 573.679, 240.0, 0, 0, 1]
pose: [-0.9799125397757992, -0.05512815791455382, -0.19165672593230518, 0.4521151684592952,
  0.14458718051797986, 0.4655101034268885, -0.8731522724229427, 1.069791277430771,
  0.13735341866878972, -0.8833239665108353, -0.448188362820322, 0.4568934107009767,
  0.0, 0.0, 0.0, 1.0]
rgb: frames/00578.ppm
timestamp: 72.517776
