camera: 1
depth_scaling: 65.536
frame: 15
id: '01_0015'
image: frames/00015.pgm
intrinsics: [573.679, 0, 320.0, 0, 573.679, 240.0, 0, 0, 1]
pose: [-0.9687742065850198, 0.1877537677762699, -0.16194153062565597, 0.587069475520734,
  0.23744646969552638, 0.5144939047932339, -0.8239631035184417, 1.2483908980253575,
  -0.07138424675442931, -0.8366866466105608, -0.5430098937394027, 0.5874015292225054,
  0.0, 0.0, 0.0, 1.0]
rgb: frames/00015.ppm
timestamp: 1.754424
