camera: 1
depth_scaling: 65.536
frame: 6
id: '01_0006'
image: frames/00006.pgm
intrinsics: [573.679, 0, 320.0, 0, 573.679, 240.0, 0, 0, 1]
pose: [-0.9375613611655562, 0.18819247846631962, -0.29251031622507473, 0.6490249023730686,
  0.34700622686343835, 0.4486020364163602, -0.8236157425894034, 1.1731324620680692,
  -0.023777564370416136, -0.873693197851396, -0.4858958977608396, 0.5577745315686592,
  0.0, 0.0, 0.0, 1.0]
rgb: frames/00006.ppm
timestamp: 0.711164
