camera: 1
depth_scaling: 65.536
frame: 49
id: 01_0049
image: frames/00049.pgm
intrinsics: [573.679, 0, 320.0, 0, 573.679, 240.0, 0, 0, 1]
pose: [-0.9994508592633724, 0.00862326926961323, 0.03199404858423088, 0.3196139758385944,
  -0.01983945841002044, 0.6176229001955421, -0.7862241086637097, 1.1675417249148239,
  -0.026540079270858608, -0.7864271055737789, -0.6171126573091379, 0.6883230926064644,
  0.0, 0.0, 0.0, 1.0]
rgb: frames/00049.ppm
timestamp: 5.796805
