camera: 1
depth_scaling: 65.536
frame: 25
id: '01_0025'
image: frames/00025.pgm
intrinsics: [573.679, 0, 320.0, 0, 573.679, 240.0, 0, 0, 1]
pose: [-0.9764841928853067, 0.11076005573062242, -0.18496170171059828, 0.5534373711844986,
  0.2152196985277239, 0.5510105655540215, -0.8062678450821866, 1.251036537418609,
  0.012613580410279185, -0.8271152076357843, -0.5618908531795537, 0.627632238975111,
  0.0, 0.0, 0.0, 1.0]
rgb: frames/00025.ppm
timestamp: 2.927099
