camera: 1
depth_scaling: 65.536
frame: 506
id: '01_0506'
image: frames/00506.pgm
intrinsics: [573.679, 0, 320.0, 0, 573.679, 240.0, 0, 0, 1]
pose: [-0.9961973390867529, 0.0550435654395273, -0.06753567575865049, 0.42878449636711113,
  0.08420459402743674, 0.40923893630380326, -0.9085334772905211, 1.1746454371173736,
  -0.02237069380121348, -0.910765446707678, -0.4123176604782, 0.4152912519056625,
  0.0, 0.0, 0.0, 1.0]
rgb: frames/00506.ppm
timestamp: 68.063248
