camera: 1
depth_scaling: 65.536
frame: 30
id: '01_0030'
image: frames/00030.pgm
intrinsics: [573.679, 0, 320.0, 0, 573.679, 240.0, 0, 0, 1]
pose: [-0.989010341194226, 0.10558729489609901, -0.10348849292266818, 0.4354533146028971,
  0.14267557719799753, 0.49811681320827816, -0.8552913656003126, 1.0244450392316586,
  -0.03875854334336052, -0.8606572857739333, -0.5077074076297757, 0.4751327940172821,
  0.0, 0.0, 0.0, 1.0]
rgb: frames/00030.ppm
timestamp: 3.271021
