camera: 1
depth_scaling: 65.536
frame: 38
id: 01_0038
image: frames/00038.pgm
intrinsics: [573.679, 0, 320.0, 0, 573.679, 240.0, 0, 0, 1]
pose: [-0.9859161975503459, 0.04930613719944031, -0.1598066213970409, 0.38611692929444275,
  0.1581243573823424, 0.5859947696901202, -0.794736948617745, 1.0467481741296043,
  0.05446043527450421, -0.8088133497478222, -0.5855382363769412, 0.47506639237151377,
  0.0, 0.0, 0.0, 1.0]
rgb: frames/00038.ppm
timestamp: 4.179232
