camera: 1
depth_scaling: 65.536
frame: 602
id: '01_0602'
image: frames/00602.pgm
intrinsics: [573.679, 0, 320.0, 0, 573.679, 240.0, 0, 0, 1]
pose: [-0.9481354722212622, 0.028571240863218248, -0.31657986434910934, 0.4938754403124815,
  0.2929984397128854, 0.46473319825593673, -0.8355686499412378, 1.014271941198535,
  0.1232519397071671, -0.8849896827841239, -0.449001359378874, 0.40028218021611883,
  0.0, 0.0, 0.0, 1.0]
rgb: frames/00602.ppm
timestamp: 74.13385
