camera: 1
depth_scaling: 65.536
frame: 611
id: '01_0611'
image: frames/00611.pgm
intrinsics: [573.679, 0, 320.0, 0, 573.679, 240.0, 0, 0, 1]
pose: [-0.9541692992772907, -0.0029213417263116923, -0.29925309368359554, 0.49729172758214685,
  0.2614091329236204, 0.478670364675365, -0.8381765608782401, 1.009593616771104, 0.14569218764506783,
  -0.8779898335083793, -0.45596890103944937, 0.37203236838404286, 0.0, 0.0, 0.0, 1.0]
rgb: frames/00611.ppm
timestamp: 75.299934
