camera: 1
depth_scaling: 65.536
frame: 628
id: 01_0628
image: frames/00628.pgm
intrinsics: [573.679, 0, 320.0, 0, 573.679, 240.0, 0, 0, 1]
pose: [-0.9632007012701524, -0.05853364534187033, -0.2623322729587017, 0.5090486565878577,
  0.20017973404728057, 0.4950924621107958, -0.8454652731116934, 1.007944876457981,
  0.17936689535543232, -0.8668663485936358, -0.4651561571413315, 0.35743460909038915,
  0.0, 0.0, 0.0, 1.0]
rgb: frames/00628.ppm
timestamp: 77.581459
