camera: 1
depth_scaling: 65.536
frame: 10
id: '01_0010'
image: frames/00010.pgm
intrinsics: [573.679, 0, 320.0, 0, 573.679, 240.0, 0, 0, 1]
pose: [-0.9853684321417677, 0.07508751269119474, -0.1530062690752387, 0.5754383688578543,
  0.16926135895780683, 0.5364107435141506, -0.8268095951344256, 1.2082637853934557,
  0.019991130589117192, -0.8406101234701173, -0.5412716277594116, 0.5626838920496285,
  0.0, 0.0, 0.0, 1.0]
rgb: frames/00010.ppm
timestamp: 1.115428
