camera: 1
depth_scaling: 65.536
frame: 66
id: '01_0066'
image: frames/00066.pgm
intrinsics: [573.679, 0, 320.0, 0, 573.679, 240.0, 0, 0, 1]
pose: [-0.777861754083195, -0.40377914927223013, 0.48155320593638395, 0.003934945128209799,
  -0.6273760081596466, 0.5434206525265194, -0.5577574193081787, 0.8913380525366159,
  -0.03647514112765632, -0.7359730925928245, -0.6760274928278225, 0.591813925627457,
  0.0, 0.0, 0.0, 1.0]
rgb: frames/00066.ppm
timestamp: 8.118207
