camera: 1
depth_scaling: 65.536
frame: 24
id: '01_0024'
image: frames/00024.pgm
intrinsics: [573.679, 0, 320.0, 0, 573.679, 240.0, 0, 0, 1]
pose: [-0.9856400406151927, -0.08046505821813371, -0.14845566591421805, 0.47022568242666063,
  0.08392037067148443, 0.5294835222688331, -0.8441590910676442, 1.261991163796225,
  0.1465301392971501, -0.8444954553173998, -0.5151275028823595, 0.5943559155430929,
  0.0, 0.0, 0.0, 1.0]
rgb: frames/00024.ppm
timestamp: 2.783253
