camera: 1
depth_scaling: 65.536
frame: 41
id: '01_0041'
image: frames/00041.pgm
intrinsics: [573.679, 0, 320.0, 0, 573.679, 240.0, 0, 0, 1]
pose: [-0.9896259886353006, -0.13377998167182792, 0.052376703996047574, 0.21185091322127203,
  -0.11804687436248024, 0.549386258855374, -0.8271878106174829, 1.1692920372759785,
  0.08188612868400247, -0.8247894610655383, -0.5594792282510277, 0.6012827320577443,
  0.0, 0.0, 0.0, 1.0]
rgb: frames/00041.ppm
timestamp: 4.871636
