camera: 1
depth_scaling: 65.536
frame: 393
id: 01_0393
image: frames/00393.pgm
intrinsics: [573.679, 0, 320.0, 0, 573.679, 240.0, 0, 0, 1]
pose: [-0.971869046077869, -0.04683924955757948, -0.2308173346535664, 0.5593737011127803,
  0.20699384506168733, 0.2976580692817322, -0.9319620281417317, 1.308223339863043,
  0.11235704420405453, -0.9535228148777324, -0.2795892274844899, 0.41366450711299174,
  0.0, 0.0, 0.0, 1.0]
rgb: frames/00393.ppm
timestamp: 50.480145
