camera: 1
depth_scaling: 65.536
frame: 38
id: 01_0038
image: frames/00038.pgm
intrinsics: [573.679, 0, 320.0, 0, 573.679, 240.0, 0, 0, 1]
pose: [-0.8775206599526292, -0.02787357796481571, -0.47872805955755454, 1.1073146899252266,
  0.44928760740713913, 0.3011746749054782, -0.8410912322845531, 1.2957185662059372,
  0.16762498974398335, -0.9531615177119872, -0.25176374633038545, 0.4489327707617828,
  0.0, 0.0, 0.0, 1.0]
rgb: frames/00038.ppm
timestamp: 4.609222
