camera: 1
depth_scaling: 65.536
frame: 20
id: '01_0020'
image: frames/00020.pgm
intrinsics: [573.679, 0, 320.0, 0, 573.679, 240.0, 0, 0, 1]
pose: [-0.9508417549090148, -0.03893521722576053, -0.3072198007634405, 0.8701500486837127,
  0.28878289243446276, 0.2467484126398803, -0.9250511671777322, 1.3447662194131635,
  0.11182306630892758, -0.9682970978575133, -0.22337486904749823, 0.4755547612956996,
  0.0, 0.0, 0.0, 1.0]
rgb: frames/00020.ppm
timestamp: 2.422711
