camera: 1
depth_scaling: 65.536
frame: 82
id: 01_0082
image: frames/00082.pgm
intrinsics: [573.679, 0, 320.0, 0, 573.679, 240.0, 0, 0, 1]
pose: [-0.28452776379772154, 0.24987667349558484, -0.9255299020944967, 1.4854432913270057,
  0.9421769379445908, 0.2511855215747589, -0.22182978013912152, 0.5557701493733795,
  0.17704962364722118, -0.9351296604182745, -0.306897293849881, 0.42542203738330614,
  0.0, 0.0, 0.0, 1.0]
rgb: frames/00082.ppm
timestamp: 10.337733
