camera: 1
depth_scaling: 65.536
frame: 122
id: '01_0122'
image: frames/00122.pgm
intrinsics: [573.679, 0, 320.0, 0, 573.679, 240.0, 0, 0, 1]
pose: [-0.10826407235926627, 0.29461705593093523, -0.9494628381304744, 1.6351761510555023,
  0.9854885411651073, 0.1574050597745824, -0.06352938209701431, 0.4556470259201958,
  0.13073341527113833, -0.9425626968599747, -0.3073830454328863, 0.4505662864244832,
  0.0, 0.0, 0.0, 1.0]
rgb: frames/00122.ppm
timestamp: 16.139668
