camera: 1
depth_scaling: 65.536
frame: 600
id: '01_0600'
image: frames/00600.pgm
intrinsics: [573.679, 0, 320.0, 0, 573.679, 240.0, 0, 0, 1]
pose: [-0.16412465487960343, 0.26326056412301657, -0.9506613345657233, 1.5167171480275106,
  0.9788205743576974, 0.16301187627850816, -0.1238443030834564, 0.446433351748298,
  0.12236576675981653, -0.9508527770216542, -0.2844391245161094, 0.3775192362168812,
  0.0, 0.0, 0.0, 1.0]
rgb: frames/00600.ppm
timestamp: 86.010551
