camera: 1
depth_scaling: 65.536
frame: 92
id: 01_0092
image: frames/00092.pgm
intrinsics: [573.679, 0, 320.0, 0, 573.679, 240.0, 0, 0, 1]
pose: [-0.7962937551916852, 0.0681775668641898, -0.6010558000878149, 1.127606560765043,
  0.5756270065157598, 0.3908120286788481, -0.7182753703209018, 0.960522501504858,
  0.18592956949455314, -0.9179421428480131, -0.3504460266163221, 0.4328066431258484,
  0.0, 0.0, 0.0, 1.0]
rgb: frames/00092.ppm
timestamp: 10.60522
