camera: 1
depth_scaling: 65.536
frame: 76
id: '01_0076'
image: frames/00076.pgm
intrinsics: [573.679, 0, 320.0, 0, 573.679, 240.0, 0, 0, 1]
pose: [-0.8842455237763333, -0.02206744237697526, -0.46650067702893777, 0.9872389945357295,
  0.4261490002801495, 0.3705370016161644, -0.8252874408310911, 1.0620677532305909,
  0.1910677451631947, -0.9285555225296124, -0.3182416665649093, 0.45527946831907107,
  0.0, 0.0, 0.0, 1.0]
rgb: frames/00076.ppm
timestamp: 8.680778
