camera: 1
depth_scaling: 65.536
frame: 22
id: '01_0022'
image: frames/00022.pgm
intrinsics: [573.679, 0, 320.0, 0, 573.679, 240.0, 0, 0, 1]
pose: [-0.995405082499471, -0.09188081370244498, 0.026956220202355455, 0.5557969461759619,
  -0.04932018118983321, 0.25067124743547264, -0.9668151040589642, 1.3443655226246503,
  0.08207460911648193, -0.9637021540821213, -0.2540510121134258, 0.4759903752575927,
  0.0, 0.0, 0.0, 1.0]
rgb: frames/00022.ppm
timestamp: 2.49738
