camera: 1
depth_scaling: 65.536
frame: 44
id: '01_0044'
image: frames/00044.pgm
intrinsics: [573.679, 0, 320.0, 0, 573.679, 240.0, 0, 0, 1]
pose: [-0.9839690421776297, -0.10873620591747728, -0.14135544403633793, 0.7201174449975695,
  0.1022085875022537, 0.3057000274230641, -0.9466260602129714, 1.3178352139261773,
  0.1461448893284758, -0.9458984780388484, -0.2896855891599679, 0.460214573945307,
  0.0, 0.0, 0.0, 1.0]
rgb: frames/00044.ppm
timestamp: 5.008037
