camera: 1
depth_scaling: 65.536
frame: 107
id: '01_0107'
image: frames/00107.pgm
intrinsics: [573.679, 0, 320.0, 0, 573.679, 240.0, 0, 0, 1]
pose: [-0.7340761518664674, 0.13580694060145515, -0.665348538846665, 1.1390892652738294,
  0.6560051043846911, 0.39499991162027787, -0.6431425758268561, 0.8383097941580208,
  0.17546938844752913, -0.9085876648427742, -0.37905006135523145, 0.4342378408238126,
  0.0, 0.0, 0.0, 1.0]
rgb: frames/00107.ppm
timestamp: 12.473161
