camera: 1
depth_scaling: 65.536
frame: 53
id: '01_0053'
image: frames/00053.pgm
intrinsics: [573.679, 0, 320.0, 0, 573.679, 240.0, 0, 0, 1]
pose: [-0.9857943212781768, -0.060947257762352824, -0.15650874706209902, 0.4191044238371262,
  0.06898742014991414, 0.702672647779121, -0.7081609180999322, 0.9776013752525842,
  0.15313488171137885, -0.7088981463047626, -0.6884861118199215, 0.6344701769228334,
  0.0, 0.0, 0.0, 1.0]
rgb: frames/00053.ppm
timestamp: 6.180726
