camera: 1
depth_scaling: 65.536
frame: 9
id: 01_0009
image: frames/00009.pgm
intrinsics: [573.679, 0, 320.0, 0, 573.679, 240.0, 0, 0, 1]
pose: [-0.9915598580361964, 0.08923202609434772, -0.09405686285612437, 0.5108252087598636,
  0.12729626945960346, 0.532457239454896, -0.836830298169073, 1.0908100337564013,
  -0.02459080545460375, -0.8417404194115721, -0.539322128802374, 0.5133241571610418,
  0.0, 0.0, 0.0, 1.0]
rgb: frames/00009.ppm
timestamp: 1.060129
