camera: 1
depth_scaling: 65.536
frame: 28
id: 01_0028
image: frames/00028.pgm
intrinsics: [573.679, 0, 320.0, 0, 573.679, 240.0, 0, 0, 1]
pose: [-0.9910175122109607, -0.019854351617646836, -0.13225012367873584, 0.43360093615721396,
  0.0953952372969912, 0.5881087553873384, -0.8031362527851713, 1.1200377164116964,
  0.093723205196199, -0.808538123132483, -0.5809320650895013, 0.5653395786523331,
  0.0, 0.0, 0.0, 1.0]
rgb: frames/00028.ppm
timestamp: 3.283416
