camera: 1
depth_scaling: 65.536
frame: 479
id: 01_0479
image: frames/00479.pgm
intrinsics: [573.679, 0, 320.0, 0, 573.679, 240.0, 0, 0, 1]
pose: [-0.9895031217129424, -0.053088143472780985, -0.13440692371658264, 0.4879398542328285,
  0.09352901092114946, 0.4737462625324076, -0.8756807653778211, 1.0227181615933394,
  0.11016304387794185, -0.8790597976014989, -0.46380812412500727, 0.41483307847191375,
  0.0, 0.0, 0.0, 1.0]
rgb: frames/00479.ppm
timestamp: 61.913483
