camera: 1
depth_scaling: 65.536
frame: 456
id: '01_0456'
image: frames/00456.pgm
intrinsics: [573.679, 0, 320.0, 0, 573.679, 240.0, 0, 0, 1]
pose: [-0.981574336326836, 0.03381497793984306, -0.18806480141552104, 0.5091494731333883,
  0.18105940015969738, 0.47914543375813445, -0.8588580481794066, 1.0287595355748502,
  0.06106812489623396, -0.8770839187761093, -0.47643938076737624, 0.4179233006594432,
  0.0, 0.0, 0.0, 1.0]
rgb: frames/00456.ppm
timestamp: 59.037663
