camera: 1
depth_scaling: 65.536
frame: 45
id: '01_0045'
image: frames/00045.pgm
intrinsics: [573.679, 0, 320.0, 0, 573.679, 240.0, 0, 0, 1]
pose: [-0.9902919965117977, -0.024558688057738486, -0.13681605346435327, 0.4681772646883515,
  0.1236023718085515, 0.2947276118017457, -0.9475537391224522, 1.315027872387987,
  0.06359414539074082, -0.9552656728274718, -0.2888308830258619, 0.41553070392601954,
  0.0, 0.0, 0.0, 1.0]
rgb: frames/00045.ppm
timestamp: 5.148537
