camera: 1
depth_scaling: 65.536
frame: 18
id: 01_0018
image: frames/00018.pgm
intrinsics: [573.679, 0, 320.0, 0, 573.679, 240.0, 0, 0, 1]
pose: [-0.9941678983668135, -0.05103681237906767, -0.09500228228362462, 0.3619079160408053,
  0.08200344386611166, 0.21437224036932806, -0.9733036410869594, 1.2973555502202438,
  0.07004016741135849, -0.9754177496545874, -0.20893680529712802, 0.39031573700485117,
  0.0, 0.0, 0.0, 1.0]
rgb: frames/00018.ppm
timestamp: 2.062983
