camera: 1
depth_scaling: 65.536
frame: 35
id: '01_0035'
image: frames/00035.pgm
intrinsics: [573.679, 0, 320.0, 0, 573.679, 240.0, 0, 0, 1]
pose: [-0.9867358099491818, -0.04478073124250831, -0.15603566090262308, 0.4516937019832595,
  0.14924884629841065, 0.1278266756800989, -0.9805024848837296, 1.3059189435565564,
  0.06385313807891933, -0.9907850559500588, -0.11944768588597018, 0.38811875445693017,
  0.0, 0.0, 0.0, 1.0]
rgb: frames/00035.ppm
timestamp: 4.001393
