camera: 1
depth_scaling: 65.536
frame: 6
id: '01_0006'
image: frames/00006.pgm
intrinsics: [573.679, 0, 320.0, 0, 573.679, 240.0, 0, 0, 1]
pose: [-0.9979795488105172, -0.06306392524358129, 0.007730555531716036, 0.3507122406048727,
  -0.02198675928952118, 0.22863246833706025, -0.9732644947998709, 1.2626667921292785,
  0.059610423349458035, -0.971468031257321, -0.22955709893863713, 0.3796448433877321,
  0.0, 0.0, 0.0, 1.0]
rgb: frames/00006.ppm
timestamp: 0.712935
