camera: 1
depth_scaling: 65.536
frame: 24
id: '01_0024'
image: frames/00024.pgm
intrinsics: [573.679, 0, 320.0, 0, 573.679, 240.0, 0, 0, 1]
pose: [-0.9970213867015763, 0.01314233663593, -0.07599758843156892, 0.411886587252336,
  0.07712553652060966, 0.1708900451543035, -0.9822668904547117, 1.2812003311302458,
  7.79491780050004e-05, -0.9852024520142588, -0.17139463955741924, 0.3807542106543404,
  0.0, 0.0, 0.0, 1.0]
rgb: frames/00024.ppm
timestamp: 2.760734
