camera: 1
depth_scaling: 65.536
frame: 57
id: '01_0057'
image: frames/00057.pgm
intrinsics: [573.679, 0, 320.0, 0, 573.679, 240.0, 0, 0, 1]
pose: [-0.9996687248409981, -0.025732473536615067, -0.0005295096414949518, 0.20269783238243633,
  -0.014978988508755786, 0.5983954773188596, -0.8010608482678384, 1.2060898352843459,
  0.020930133253937833, -0.8007875451891229, -0.5985826901873716, 0.6622632886404509,
  0.0, 0.0, 0.0, 1.0]
rgb: frames/00057.ppm
timestamp: 6.716529
