camera: 1
depth_scaling: 65.536
frame: 17
id: '01_0017'
image: frames/00017.pgm
intrinsics: [573.679, 0, 320.0, 0, 573.679, 240.0, 0, 0, 1]
pose: [-0.936598596978485, 0.13002633560905244, -0.3253862630567183, 0.6091799785612334,
  0.34576777797924596, 0.4935095264996339, -0.798055756802369, 1.226565223572731,
  0.05681295494188522, -0.8599659872937935, -0.5071792472573994, 0.6257482810465683,
  0.0, 0.0, 0.0, 1.0]
rgb: frames/00017.ppm
timestamp: 1.966087
