camera: 1
depth_scaling: 65.536
frame: 42
id: '01_0042'
image: frames/00042.pgm
intrinsics: [573.679, 0, 320.0, 0, 573.679, 240.0, 0, 0, 1]
pose: [-0.9942581383327086, 0.05364234361464, -0.09259186427924215, 0.32303923561853853,
  0.1066105418242389, 0.5710881227259481, -0.81393645234336, 1.2263164525719172, 0.009216655093844589,
  -0.8191342106473648, -0.5735278530429014, 0.660823618087302, 0.0, 0.0, 0.0, 1.0]
rgb: frames/00042.ppm
timestamp: 4.889066
