camera: 1
depth_scaling: 65.536
frame: 641
id: '01_0641'
image: frames/00641.pgm
intrinsics: [573.679, 0, 320.0, 0, 573.679, 240.0, 0, 0, 1]
pose: [-0.9678770274256043, -0.008701914226774576, -0.2512734296947571, 0.5258625311759819,
  0.23645351785112417, 0.30820496268229625, -0.9214659162843911, 1.2888550259894984,
  0.08546223538852818, -0.9512801783211897, -0.2962469048878007, 0.47339663861543985,
  0.0, 0.0, 0.0, 1.0]
rgb: frames/00641.ppm
timestamp: 90.865906
