camera: 1
depth_scaling: 65.536
frame: 655
id: '01_0655'
image: frames/00655.pgm
intrinsics: [573.679, 0, 320.0, 0, 573.679, 240.0, 0, 0, 1]
pose: [-0.9738305473690264, -0.07045701473978544, -0.216078398006141, 0.5315184427469495,
  0.18750658879523752, 0.28819475762443303, -0.9390341105818085, 1.3029373420157642,
  0.1284342017116794, -0.9549762252285405, -0.2674417040757326, 0.4796897884632154,
  0.0, 0.0, 0.0, 1.0]
rgb: frames/00655.ppm
timestamp: 92.805046
