camera: 1
depth_scaling: 65.536
frame: 8
id: 01_0008
image: frames/00008.pgm
intrinsics: [573.679, 0, 320.0, 0, 573.679, 240.0, 0, 0, 1]
pose: [-0.9988388403621314, -0.002562538570878266, -0.04810825688075862, 0.4492761742228642,
  0.044268001425121835, 0.3451783298109196, -0.9374925411323386, 1.2813020880460924,
  0.019008288556777265, -0.9385336190169306, -0.34466408420536876, 0.36825412330985,
  0.0, 0.0, 0.0, 1.0]
rgb: frames/00008.ppm
timestamp: 0.985152
