camera: 1
depth_scaling: 65.536
frame: 57
id: '01_0057'
image: frames/00057.pgm
intrinsics: [573.679, 0, 320.0, 0, 573.679, 240.0, 0, 0, 1]
pose: [-0.9976378423199105, -0.03981436705974843, 0.055978136329330505, 0.3190358674978919,
  -0.06714870182692761, 0.39340587764722385, -0.9169094106156702, 1.259543790947401,
  0.014484039983093673, -0.9185023851946436, -0.3951500739940698, 0.450949839555138,
  0.0, 0.0, 0.0, 1.0]
rgb: frames/00057.ppm
timestamp: 6.654096
