camera: 1
depth_scaling: 65.536
frame: 32
id: '01_0032'
image: frames/00032.pgm
intrinsics: [573.679, 0, 320.0, 0, 573.679, 240.0, 0, 0, 1]
pose: [-0.9889973150613819, -0.0714446740580884, -0.12953752101268198, 0.3504310203212344,
  0.09726139370885298, 0.3457543956558604, -0.93327065697924, 1.2888474710724114,
  0.111465385188358, -0.9356011738093234, -0.33500136040235223, 0.4174799605191261,
  0.0, 0.0, 0.0, 1.0]
rgb: frames/00032.ppm
timestamp: 3.797345
