camera: 1
depth_scaling: 65.536
frame: 95
id: 01_0095
image: frames/00095.pgm
intrinsics: [573.679, 0, 320.0, 0, 573.679, 240.0, 0, 0, 1]
pose: [-0.9979975688288819, 0.052609513895503876, 0.03511540487192954, 0.31976540181989144,
  0.004970969315136853, 0.618682292726052, -0.7856255533848829, 1.1740982757895881,
  -0.06305665766363387, -0.7838778346878513, -0.6177049442973375, 0.5883230380723183,
  0.0, 0.0, 0.0, 1.0]
rgb: frames/00095.ppm
timestamp: 11.017085
