camera: 1
depth_scaling: 65.536
frame: 403
id: '01_0403'
image: frames/00403.pgm
intrinsics: [573.679, 0, 320.0, 0, 573.679, 240.0, 0, 0, 1]
pose: [-0.9955323754813236, -0.09436005969965013, -0.0033865176791617463, 0.45688166502110505,
  -0.038498800992731085, 0.43840305483157904, -0.8979535644099096, 1.1483419602326503,
  0.08621561164101837, -0.8938114681787307, -0.4400771837547899, 0.44654529445098734,
  0.0, 0.0, 0.0, 1.0]
rgb: frames/00403.ppm
timestamp: 48.516811
