camera: 1
depth_scaling: 65.536
frame: 31
id: '01_0031'
image: frames/00031.pgm
intrinsics: [573.679, 0, 320.0, 0, 573.679, 240.0, 0, 0, 1]
pose: [-0.9245512170018022, 0.00902788769520984, -0.3809508424774108, 0.9926088350191451,
  0.3628878810978036, 0.3258839196995814, -0.8729902958415877, 1.2030212961473785,
  0.11626449540953057, -0.9453666844801542, -0.30457248559606925, 0.4622964805344034,
  0.0, 0.0, 0.0, 1.0]
rgb: frames/00031.ppm
timestamp: 3.603859
