camera: 1
depth_scaling: 65.536
frame: 58
id: 01_0058
image: frames/00058.pgm
intrinsics: [573.679, 0, 320.0, 0, 573.679, 240.0, 0, 0, 1]
pose: [-0.5670673115249552, 0.20275422650707678, -0.7983266172647487, 1.265380509791227,
  0.8093158194038369, 0.317322882276927, -0.4942813903498282, 0.7110766178660292,
  0.15310966221161737, -0.9263891795660074, -0.34403563670129284, 0.4377469867786336,
  0.0, 0.0, 0.0, 1.0]
rgb: frames/00058.ppm
timestamp: 6.865928
