camera: 1
depth_scaling: 65.536
frame: 15
id: '01_0015'
image: frames/00015.pgm
intrinsics: [573.679, 0, 320.0, 0, 573.679, 240.0, 0, 0, 1]
pose: [-0.9836324850033299, -0.04863638198835479, -0.1734982328245944, 0.7722892881689517,
  0.1530863220069221, 0.28227809965571676, -0.9470394144222035, 1.2746161005596257,
  0.09503532217321775, -0.9580989389420281, -0.2702123437920493, 0.4805373289359616,
  0.0, 0.0, 0.0, 1.0]
rgb: frames/00015.ppm
timestamp: 1.771941
