camera: 1
depth_scaling: 65.536
frame: 80
id: 01_0080
image: frames/00080.pgm
intrinsics: [573.679, 0, 320.0, 0, 573.679, 240.0, 0, 0, 1]
pose: [-0.23833266305511672, 0.322681529922146, -0.9160099191428875, 1.4055065630916235,
  0.9490679323170994, 0.2775207408834098, -0.14917204237681037, 0.5016392686939715,
  0.20607668856132613, -0.9049082100559297, -0.3723889496279015, 0.4268681274301246,
  0.0, 0.0, 0.0, 1.0]
rgb: frames/00080.ppm
timestamp: 9.878419
