camera: 1
depth_scaling: 65.536
frame: 255
id: '01_0255'
image: frames/00255.pgm
intrinsics: [573.679, 0, 320.0, 0, 573.679, 240.0, 0, 0, 1]
pose: [-0.9928544483685741, -0.11902014041629826, 0.008616874724584, 0.6266714188809333,
  -0.056717608457883706, 0.4071339268901487, -0.9116057692148648, 0.9550630742298221,
  0.10499122461212043, -0.9055805716501939, -0.41097526811738394, 0.3904811453259425,
  0.0, 0.0, 0.0, 1.0]
rgb: frames/00255.ppm
timestamp: 34.389084
