camera: 1
depth_scaling: 65.536
frame: 114
id: '01_0114'
image: frames/00114.pgm
intrinsics: [573.679, 0, 320.0, 0, 573.679, 240.0, 0, 0, 1]
pose: [-0.6157192917585104, 0.21658012316559944, -0.7576165283347323, 1.2295966645240441,
  0.7818013236295872, 0.28794343182945675, -0.5530599157752261, 0.8461733794164128,
  0.09836891850286715, -0.9328352642968901, -0.3466149528752727, 0.44366075317105064,
  0.0, 0.0, 0.0, 1.0]
rgb: frames/00114.ppm
timestamp: 13.842418
