camera: 1
depth_scaling: 65.536
frame: 137
id: '01_0137'
image: frames/00137.pgm
intrinsics: [573.679, 0, 320.0, 0, 573.679, 240.0, 0, 0, 1]
pose: [-0.9246681692073112, 0.05006060527620273, -0.3774688234201332, 0.8715617455427933,
  0.3645203436702378, 0.40291745169801774, -0.8395132197694731, 1.0532087500033889,
  0.11006223650885555, -0.9138662171874808, -0.3908130514429028, 0.4237068721630743,
  0.0, 0.0, 0.0, 1.0]
rgb: frames/00137.ppm
timestamp: 16.719236
