camera: 1
depth_scaling: 65.536
frame: 155
id: '01_0155'
image: frames/00155.pgm
intrinsics: [573.679, 0, 320.0, 0, 573.679, 240.0, 0, 0, 1]
pose: [-0.9929009125222105, -0.11715887984776457, 0.02053228641381863, 0.5677511031949299,
  -0.06471253001629058, 0.38724808141581246, -0.9197016972359371, 1.076530988825091,
  0.09980013212141908, -0.9145013506346448, -0.3920806209390588, 0.4236445982690349,
  0.0, 0.0, 0.0, 1.0]
rgb: frames/00155.ppm
timestamp: 18.91577
