camera: 1
depth_scaling: 65.536
frame: 369
id: 01_0369
image: frames/00369.pgm
intrinsics: [573.679, 0, 320.0, 0, 573.679, 240.0, 0, 0, 1]
pose: [-0.9650510200787117, -0.11371764058713432, -0.23610342408430546, 0.8214532237111949,
  0.16833726219162665, 0.42149080202406414, -0.8910713046479157, 1.0880878098267464,
  0.20084594793738225, -0.89967427551776, -0.38761721216778783, 0.5043864638727844,
  0.0, 0.0, 0.0, 1.0]
rgb: frames/00369.ppm
timestamp: 52.261662
