camera: 1
depth_scaling: 65.536
frame: 439
id: 01_0439
image: frames/00439.pgm
intrinsics: [573.679, 0, 320.0, 0, 573.679, 240.0, 0, 0, 1]
pose: [-0.5515075938536946, 0.10648898556384326, -0.8273448312978647, 1.3777670454398259,
  0.8174280217987016, 0.2667029515085055, -0.5105692556695062, 0.9664412179135893,
  0.1662853063261147, -0.9578776704831552, -0.23413578387293735, 0.35397636338100186,
  0.0, 0.0, 0.0, 1.0]
rgb: frames/00439.ppm
timestamp: 61.696583
