camera: 1
depth_scaling: 65.536
frame: 29
id: 01_0029
image: frames/00029.pgm
intrinsics: [573.679, 0, 320.0, 0, 573.679, 240.0, 0, 0, 1]
pose: [-0.9826883447678398, -0.17653871634063192, -0.05619340433044784, 0.5233116720169912,
  -0.024229525004855645, 0.4231701276529081, -0.9057262131462578, 1.133530032512599,
  0.18367511310866902, -0.888685053714207, -0.42012180154033224, 0.49455312888438263,
  0.0, 0.0, 0.0, 1.0]
rgb: frames/00029.ppm
timestamp: 3.203221
