camera: 1
depth_scaling: 65.536
frame: 83
id: 01_0083
image: frames/00083.pgm
intrinsics: [573.679, 0, 320.0, 0, 573.679, 240.0, 0, 0, 1]
pose: [-0.6727689255243133, 0.1961653129639497, -0.7133730740914023, 1.2610671175582455,
  0.7145650901241122, 0.42221529823889675, -0.5577911561767177, 0.8193948863516145,
  0.19177774851317075, -0.885016051788212, -0.4242262170734192, 0.4614927476665168,
  0.0, 0.0, 0.0, 1.0]
rgb: frames/00083.ppm
timestamp: 9.841517
