camera: 1
depth_scaling: 65.536
frame: 167
id: '01_0167'
image: frames/00167.pgm
intrinsics: [573.679, 0, 320.0, 0, 573.679, 240.0, 0, 0, 1]
pose: [-0.30730224337132533, 0.36062938246424076, -0.8806314664616588, 1.4031030473470714,
  0.9448643129266058, 0.22563963527270153, -0.23731452789860089, 0.4906349849509204,
  0.11312277125620757, -0.9050045323076908, -0.41008539979600966, 0.4410945434864283,
  0.0, 0.0, 0.0, 1.0]
rgb: frames/00167.ppm
timestamp: 21.916063
