camera: 1
depth_scaling: 65.536
frame: 439
id: 01_0439
image: frames/00439.pgm
intrinsics: [573.679, 0, 320.0, 0, 573.679, 240.0, 0, 0, 1]
pose: [-0.7074856666483755, -0.33078527153583137, 0.6245359362134977, 0.09403022634939631,
  -0.7059563284393997, 0.28950187043867537, -0.646385588754012, 0.9709814882038076,
  0.03301051080286729, -0.898203635679279, -0.43833837959852306, 0.367374992300059,
  0.0, 0.0, 0.0, 1.0]
rgb: frames/00439.ppm
timestamp: 62.96368
