camera: 1
depth_scaling: 65.536
frame: 427
id: '01_0427'
image: frames/00427.pgm
intrinsics: [573.679, 0, 320.0, 0, 573.679, 240.0, 0, 0, 1]
pose: [-0.509478804597692, -0.38919775538118906, 0.7674349841334774, 0.013464584925847345,
  -0.8603645590842346, 0.21559616550130942, -0.46183451461851843, 0.7277883109801114,
  0.014288916596352369, -0.895568758179614, -0.4446936318805636, 0.36284673420984587,
  0.0, 0.0, 0.0, 1.0]
rgb: frames/00427.ppm
timestamp: 60.972206
