camera: 1
depth_scaling: 65.536
frame: 37
id: '01_0037'
image: frames/00037.pgm
intrinsics: [573.679, 0, 320.0, 0, 573.679, 240.0, 0, 0, 1]
pose: [-0.9779746448602582, -0.05902480324702218, -0.2002040624265699, 0.4384985904046812,
  0.17999148540151239, 0.24716696587775847, -0.9521090043486303, 1.4451934785501368,
  0.10568187731777276, -0.9671734919756814, -0.2310990636635248, 0.44073042988259703,
  0.0, 0.0, 0.0, 1.0]
rgb: frames/00037.ppm
timestamp: 4.498049
