camera: 1
depth_scaling: 65.536
frame: 28
id: 01_0028
image: frames/00028.pgm
intrinsics: [573.679, 0, 320.0, 0, 573.679, 240.0, 0, 0, 1]
pose: [-0.9754249726122937, -0.021683285900688843, -0.21926230391212995, 0.4482596601186049,
  0.20721755749944148, 0.24792117739801822, -0.9463593258702246, 1.440109674374065,
  0.07487994837252461, -0.9685375185867244, -0.23733535013056659, 0.4412650393578587,
  0.0, 0.0, 0.0, 1.0]
rgb: frames/00028.ppm
timestamp: 3.405435
