camera: 1
depth_scaling: 65.536
frame: 83
id: 01_0083
image: frames/00083.pgm
intrinsics: [573.679, 0, 320.0, 0, 573.679, 240.0, 0, 0, 1]
pose: [-0.9893441847066725, -0.032954057542560145, -0.1418171861185082, 0.33706281820849193,
  0.12922567795028486, 0.24997512838082625, -0.9595900996515537, 1.419990250944478,
  0.06707315666776992, -0.9676913068135268, -0.24305292915772417, 0.4442006347462815,
  0.0, 0.0, 0.0, 1.0]
rgb: frames/00083.ppm
timestamp: 10.137396
