camera: 1
depth_scaling: 65.536
frame: 121
id: '01_0121'
image: frames/00121.pgm
intrinsics: [573.679, 0, 320.0, 0, 573.679, 240.0, 0, 0, 1]
pose: [-0.9888268806150868, -0.048287464116450934, -0.14103092207824258, 0.4437262701649718,
  0.1156423680225577, 0.34851100638804955, -0.9301434949213614, 1.4025336378374558,
  0.09406509921948841, -0.9360600404010371, -0.339032974610489, 0.4623530090676965,
  0.0, 0.0, 0.0, 1.0]
rgb: frames/00121.ppm
timestamp: 14.821342
