camera: 1
depth_scaling: 65.536
frame: 101
id: '01_0101'
image: frames/00101.pgm
intrinsics: [573.679, 0, 320.0, 0, 573.679, 240.0, 0, 0, 1]
pose: [-0.9957451985696009, -0.057724864742306405, -0.07182854248882414, 0.43183908386705366,
  0.052476649991532995, 0.285523389226356, -0.9569339556157265, 1.4231567269011816,
  0.0757476120498364, -0.9566317129361628, -0.28127933637857266, 0.44662341375182946,
  0.0, 0.0, 0.0, 1.0]
rgb: frames/00101.ppm
timestamp: 12.347251
