camera: 1
depth_scaling: 65.536
frame: 87
id: 01_0087
image: frames/00087.pgm
intrinsics: [573.679, 0, 320.0, 0, 573.679, 240.0, 0, 0, 1]
pose: [-0.9200324519983119, -0.26035073654365454, 0.29284429523408895, 0.39425643231155283,
  -0.3753254352578478, 0.37083304755392665, -0.8494784685266451, 1.2324065820714587,
  0.11256600249844866, -0.8914596708898523, -0.43889469153599414, 0.45852017239207377,
  0.0, 0.0, 0.0, 1.0]
rgb: frames/00087.ppm
timestamp: 10.568689
