camera: 1
depth_scaling: 65.536
frame: 46
id: '01_0046'
image: frames/00046.pgm
intrinsics: [573.679, 0, 320.0, 0, 573.679, 240.0, 0, 0, 1]
pose: [-0.9529150944349386, -0.07681849088671854, -0.2933457725209947, 0.8796759917338427,
  0.24862574085764338, 0.35589969545504113, -0.900844408184897, 1.2335028958220509,
  0.1736031790637486, -0.9313615443171875, -0.32004313769562986, 0.47770418168695294,
  0.0, 0.0, 0.0, 1.0]
rgb: frames/00046.ppm
timestamp: 5.504153
