camera: 1
depth_scaling: 65.536
frame: 17
id: '01_0017'
image: frames/00017.pgm
intrinsics: [573.679, 0, 320.0, 0, 573.679, 240.0, 0, 0, 1]
pose: [-0.8793548862636227, -0.0013988988138148029, -0.47616491584996046, 0.9985309621734049,
  0.4409283818410618, 0.3751411687485274, -0.8153841215016465, 1.1441263569968718,
  0.17976970292937042, -0.9269666372594527, -0.329265405587329, 0.5011934477549719,
  0.0, 0.0, 0.0, 1.0]
rgb: frames/00017.ppm
timestamp: 2.033965
