camera: 1
depth_scaling: 65.536
frame: 111
id: '01_0111'
image: frames/00111.pgm
intrinsics: [573.679, 0, 320.0, 0, 573.679, 240.0, 0, 0, 1]
pose: [-0.9156737035627991, -0.3034991637552693, 0.2634955904819642, 0.34568881316069133,
  -0.36354423562804783, 0.34584633571311674, -0.8650005207024032, 1.185454491987223,
  0.17139795023630056, -0.8878505334084462, -0.4270177665872138, 0.4633819509583894,
  0.0, 0.0, 0.0, 1.0]
rgb: frames/00111.ppm
timestamp: 13.722189
