camera: 1
depth_scaling: 65.536
frame: 152
id: '01_0152'
image: frames/00152.pgm
intrinsics: [573.679, 0, 320.0, 0, 573.679, 240.0, 0, 0, 1]
pose: [-0.6489469636729888, 0.1792095065421188, -0.7394266637771043, 1.2232474896260963,
  0.7257956693706289, 0.4373482186243731, -0.530986988530725, 0.8198146997544912,
  0.22822901801140294, -0.8812550643434727, -0.4138852823023945, 0.4560976082701209,
  0.0, 0.0, 0.0, 1.0]
rgb: frames/00152.ppm
timestamp: 18.841984
