camera: 1
depth_scaling: 65.536
frame: 30
id: '01_0030'
image: frames/00030.pgm
intrinsics: [573.679, 0, 320.0, 0, 573.679, 240.0, 0, 0, 1]
pose: [-0.9906627849769976, -0.10327349500354072, -0.08900467230079662, 0.37948083786507847,
  0.04654824919868511, 0.35739392742871096, -0.9327930323140384, 1.1815650562690008,
  0.12814252595510853, -0.9282263548654686, -0.3492496630993499, 0.5147209133598306,
  0.0, 0.0, 0.0, 1.0]
rgb: frames/00030.ppm
timestamp: 3.28704
