camera: 1
depth_scaling: 65.536
frame: 59
id: 01_0059
image: frames/00059.pgm
intrinsics: [573.679, 0, 320.0, 0, 573.679, 240.0, 0, 0, 1]
pose: [-0.9988997203678593, -0.042491264811006554, -0.01984542929173916, 0.3596331835314741,
  -0.006014575591572147, 0.535747365110419, -0.8443569065612581, 1.1850477310751997,
  0.04650992936423109, -0.8433085160200889, -0.535413460120802, 0.646858720054958,
  0.0, 0.0, 0.0, 1.0]
rgb: frames/00059.ppm
timestamp: 6.524447
