camera: 1
depth_scaling: 65.536
frame: 526
id: '01_0526'
image: frames/00526.pgm
intrinsics: [573.679, 0, 320.0, 0, 573.679, 240.0, 0, 0, 1]
pose: [-0.9967082735371745, 0.007488086810780937, 0.08072512631429561, 0.30384820189429185,
  -0.0671932688181287, 0.48083349322003754, -0.8742335022311549, 1.0347595641326321,
  -0.04536168083393145, -0.876779949789986, -0.47874757185618194, 0.4340137509156765,
  0.0, 0.0, 0.0, 1.0]
rgb: frames/00526.ppm
timestamp: 66.078369
