camera: 1
depth_scaling: 65.536
frame: 516
id: '01_0516'
image: frames/00516.pgm
intrinsics: [573.679, 0, 320.0, 0, 573.679, 240.0, 0, 0, 1]
pose: [-0.9937132027973524, -0.06674412255382076, 0.08988488577479817, 0.3048019285544777,
  -0.11132929929881008, 0.5042950843313636, -0.8563248536839619, 1.0354194040809637,
  0.0118261449282482, -0.8609481343401258, -0.508555259802111, 0.4429544292483755,
  0.0, 0.0, 0.0, 1.0]
rgb: frames/00516.ppm
timestamp: 64.752495
