camera: 1
depth_scaling: 65.536
frame: 507
id: '01_0507'
image: frames/00507.pgm
intrinsics: [573.679, 0, 320.0, 0, 573.679, 240.0, 0, 0, 1]
pose: [-0.9937847665671417, -0.07242838126247303, 0.08453382356660374, 0.3130752609817442,
  -0.109492102882835, 0.49898770004458126, -0.8596643267057869, 1.0072698185433029,
  0.020082757414919855, -0.8635770983484432, -0.5038167107815069, 0.425382226040723,
  0.0, 0.0, 0.0, 1.0]
rgb: frames/00507.ppm
timestamp: 63.58213
