camera: 1
depth_scaling: 65.536
frame: 32
id: '01_0032'
image: frames/00032.pgm
intrinsics: [573.679, 0, 320.0, 0, 573.679, 240.0, 0, 0, 1]
pose: [-0.9666896982793265, -0.08903945584904682, -0.2399645860178755, 0.5249201252834773,
  0.15708400635977177, 0.5338164377562175, -0.8308818362000854, 1.1640139961893534,
  0.20207830706582022, -0.8408995100981853, -0.5020481767022404, 0.5864567279921691,
  0.0, 0.0, 0.0, 1.0]
rgb: frames/00032.ppm
timestamp: 3.634069
