camera: 1
depth_scaling: 65.536
frame: 169
id: 01_0169
image: frames/00169.pgm
intrinsics: [573.679, 0, 320.0, 0, 573.679, 240.0, 0, 0, 1]
pose: [-0.8791580647974513, 0.12660096337558982, -0.4594053691174853, 0.8190524179917351,
  0.45579465732636604, 0.5046965097311368, -0.7331661908584909, 1.2691341059831773,
  0.1390407402682429, -0.8539634823208668, -0.501412049524219, 0.595406362400299,
  0.0, 0.0, 0.0, 1.0]
rgb: frames/00169.ppm
timestamp: 20.585096
