camera: 1
depth_scaling: 65.536
frame: 129
id: 01_0129
image: frames/00129.pgm
intrinsics: [573.679, 0, 320.0, 0, 573.679, 240.0, 0, 0, 1]
pose: [-0.8599294942454254, 0.05683450604038545, -0.5072387049998767, 0.7691462927436389,
  0.45682095731490113, 0.5289858281526479, -0.7151843165027841, 1.1707589203792819,
  0.22767493907917002, -0.846725358387714, -0.4808537091241926, 0.591920704890681,
  0.0, 0.0, 0.0, 1.0]
rgb: frames/00129.ppm
timestamp: 15.427262
