camera: 1
depth_scaling: 65.536
frame: 491
id: 01_0491
image: frames/00491.pgm
intrinsics: [573.679, 0, 320.0, 0, 573.679, 240.0, 0, 0, 1]
pose: [-0.9482834679984602, -0.062124384936842324, -0.31128608243387995, 0.6466479070917817,
  0.27813867011935456, 0.30994258077280257, -0.9091614140559046, 1.1939035278940495,
  0.15296190540474505, -0.9487234356861401, -0.27663423156731004, 0.4464058579680441,
  0.0, 0.0, 0.0, 1.0]
rgb: frames/00491.ppm
timestamp: 65.53756
