camera: 1
depth_scaling: 65.536
frame: 512
id: '01_0512'
image: frames/00512.pgm
intrinsics: [573.679, 0, 320.0, 0, 573.679, 240.0, 0, 0, 1]
pose: [-0.9530410977097209, -0.0792580151878673, -0.292285533519416, 0.6460940809533232,
  0.24447825083806668, 0.36823850405587344, -0.8970121454015281, 1.214995323945844,
  0.17872618986429828, -0.9263468956925222, -0.3315695672063685, 0.43299549939660814,
  0.0, 0.0, 0.0, 1.0]
rgb: frames/00512.ppm
timestamp: 68.238831
