camera: 1
depth_scaling: 65.536
frame: 19
id: 01_0019
image: frames/00019.pgm
intrinsics: [573.679, 0, 320.0, 0, 573.679, 240.0, 0, 0, 1]
pose: [-0.9932382254244299, -0.025405696225028612, -0.11328008719563436, 0.39302624576015577,
  0.09806490053522429, 0.3386607811424086, -0.9357842436154983, 1.257690020761422,
  0.062137773043017215, -0.9405654819922614, -0.3338794262094017, 0.4092552469692254,
  0.0, 0.0, 0.0, 1.0]
rgb: frames/00019.ppm
timestamp: 2.163043
