camera: 1
depth_scaling: 65.536
frame: 34
id: '01_0034'
image: frames/00034.pgm
intrinsics: [573.679, 0, 320.0, 0, 573.679, 240.0, 0, 0, 1]
pose: [-0.9993610394531202, -0.02700613171469941, -0.023413279842606965, 0.3347973230034712,
  0.013895180436536259, 0.3099792367364835, -0.9506417815102088, 1.294941343852943,
  0.03293078778007015, -0.9503596906656319, -0.30940591716078825, 0.43524991986239253,
  0.0, 0.0, 0.0, 1.0]
rgb: frames/00034.ppm
timestamp: 3.850252
