camera: 1
depth_scaling: 65.536
frame: 54
id: '01_0054'
image: frames/00054.pgm
intrinsics: [573.679, 0, 320.0, 0, 573.679, 240.0, 0, 0, 1]
pose: [-0.9915152240920824, -0.008422151833920522, 0.1297174920822725, 0.2411008769042368,
  -0.12525983965217313, 0.32866484297822063, -0.9361033028252884, 1.253548774662493,
  -0.034749575018119594, -0.9444090683324615, -0.32693115282498253, 0.43678884747952346,
  0.0, 0.0, 0.0, 1.0]
rgb: frames/00054.ppm
timestamp: 6.150814
