camera: 1
depth_scaling: 65.536
frame: 82
id: 01_0082
image: frames/00082.pgm
intrinsics: [573.679, 0, 320.0, 0, 573.679, 240.0, 0, 0, 1]
pose: [-0.9641522836945553, 0.056721363276883395, -0.25921624330775594, 0.578055276709516,
  0.26416058053118363, 0.2975475447080631, -0.9174337285775095, 1.279418832116437,
  0.025091064943560122, -0.9530205378617058, -0.3018646929897285, 0.43117368121511984,
  0.0, 0.0, 0.0, 1.0]
rgb: frames/00082.ppm
timestamp: 9.38112
