camera: 1
depth_scaling: 65.536
frame: 100
id: '01_0100'
image: frames/00100.pgm
intrinsics: [573.679, 0, 320.0, 0, 573.679, 240.0, 0, 0, 1]
pose: [-0.9477764395668352, 0.06357252156326676, -0.3125353661653372, 0.668836205387719,
  0.31694288151933414, 0.29710458860347017, -0.9007086506107201, 1.2828709167627512,
  0.03559537127541651, -0.9527262974920189, -0.30173758733527795, 0.4231101630401542,
  0.0, 0.0, 0.0, 1.0]
rgb: frames/00100.ppm
timestamp: 11.508942
