camera: 1
depth_scaling: 65.536
frame: 71
id: '01_0071'
image: frames/00071.pgm
intrinsics: [573.679, 0, 320.0, 0, 573.679, 240.0, 0, 0, 1]
pose: [-0.9963123718456197, -0.020613057058576797, 0.08328721141961479, 0.23590126335389927,
  -0.08568885865373438, 0.18963370280993966, -0.9781086229357207, 1.3593962804519464,
  0.004367746555844152, -0.9816385081267396, -0.1907007135611521, 0.40054848872653936,
  0.0, 0.0, 0.0, 1.0]
rgb: frames/00071.ppm
timestamp: 8.225607
