camera: 1
depth_scaling: 65.536
frame: 47
id: '01_0047'
image: frames/00047.pgm
intrinsics: [573.679, 0, 320.0, 0, 573.679, 240.0, 0, 0, 1]
pose: [-0.9982719911998115, -0.05564773336439073, -0.01887753578646785, 0.391390947490777,
  0.007669025239214823, 0.19512627794268478, -0.980748143871868, 1.4075040410668591,
  0.058259914502546126, -0.9791981747468896, -0.19436233414557516, 0.4066535228341234,
  0.0, 0.0, 0.0, 1.0]
rgb: frames/00047.ppm
timestamp: 5.411823
