camera: 1
depth_scaling: 65.536
frame: 138
id: 01_0138
image: frames/00138.pgm
intrinsics: [573.679, 0, 320.0, 0, 573.679, 240.0, 0, 0, 1]
pose: [-0.9998021547930906, 0.016530064284508716, 0.011063826003833833, 0.3978163467358347,
  -0.003110662032026496, 0.4194436090598163, -0.9077760641262791, 1.2936127978779894,
  -0.0196462478050036, -0.9076308808065238, -0.41930920470883815, 0.4924400908385048,
  0.0, 0.0, 0.0, 1.0]
rgb: frames/00138.ppm
timestamp: 15.896698
