camera: 1
depth_scaling: 65.536
frame: 147
id: '01_0147'
image: frames/00147.pgm
intrinsics: [573.679, 0, 320.0, 0, 573.679, 240.0, 0, 0, 1]
pose: [-0.9993577838586315, -0.019969572301872088, 0.02975291621413062, 0.3782026411934203,
  -0.03572241048322631, 0.4899630048007694, -0.8710110006859095, 1.28225585021763,
  0.0028158889240622676, -0.8715144692480336, -0.49036170390935485, 0.5062038426258992,
  0.0, 0.0, 0.0, 1.0]
rgb: frames/00147.ppm
timestamp: 16.951103
