camera: 1
depth_scaling: 65.536
frame: 114
id: '01_0114'
image: frames/00114.pgm
intrinsics: [573.679, 0, 320.0, 0, 573.679, 240.0, 0, 0, 1]
pose: [-0.9886726924588191, -0.05393459071535498, -0.14006201166125265, 0.44035916119978685,
  0.1279531259504751, 0.18488822485299078, -0.9743943461813662, 1.3374989474980417,
  0.0784493769620358, -0.9812784539747508, -0.17589283959044869, 0.39951467851121786,
  0.0, 0.0, 0.0, 1.0]
rgb: frames/00114.ppm
timestamp: 13.142026
