camera: 1
depth_scaling: 65.536
frame: 28
id: 01_0028
image: frames/00028.pgm
intrinsics: [573.679, 0, 320.0, 0, 573.679, 240.0, 0, 0, 1]
pose: [-0.9936648808424138, -0.019146283518790445, -0.11074079829877417, 0.40651280295934833,
  0.10636715254975215, 0.1578674183896777, -0.9817147788789963, 1.3088265046597356,
  0.036278553428843424, -0.9872746821621612, -0.1548307738232746, 0.35328539124997754,
  0.0, 0.0, 0.0, 1.0]
rgb: frames/00028.ppm
timestamp: 3.198185
