camera: 1
depth_scaling: 65.536
frame: 21
id: '01_0021'
image: frames/00021.pgm
intrinsics: [573.679, 0, 320.0, 0, 573.679, 240.0, 0, 0, 1]
pose: [-0.9957723741425257, -0.02485277602807085, -0.08842917176054382, 0.40610932141657075,
  0.08462280226235835, 0.1262259882537049, -0.9883855428053576, 1.3025219032852942,
  0.03572618412065605, -0.9916901428435568, -0.12358924045038419, 0.3563252678636967,
  0.0, 0.0, 0.0, 1.0]
rgb: frames/00021.ppm
timestamp: 2.3669
