camera: 1
depth_scaling: 65.536
frame: 11
id: '01_0011'
image: frames/00011.pgm
intrinsics: [573.679, 0, 320.0, 0, 573.679, 240.0, 0, 0, 1]
pose: [-0.998870766698916, -0.04388184989415945, -0.018209192299105045, 0.42987281025179813,
  0.012218095428040254, 0.13311800437563098, -0.99102488114838, 1.2680358643031715,
  0.0459119764160794, -0.9901282644995627, -0.1324315304625504, 0.3439715540560901,
  0.0, 0.0, 0.0, 1.0]
rgb: frames/00011.ppm
timestamp: 1.256334
