camera: 1
depth_scaling: 65.536
frame: 63
id: '01_0063'
image: frames/00063.pgm
intrinsics: [573.679, 0, 320.0, 0, 573.679, 240.0, 0, 0, 1]
pose: [-0.992194977138221, -0.08652416306088276, -0.08979251944509956, 0.3211605980619252,
  0.07410480333511493, 0.16999449823607238, -0.9826547454178045, 1.286236288254595,
  0.10028761371350284, -0.9816391596590266, -0.16225583120360104, 0.34884750882662613,
  0.0, 0.0, 0.0, 1.0]
rgb: frames/00063.ppm
timestamp: 7.188946
