camera: 1
depth_scaling: 65.536
frame: 40
id: '01_0040'
image: frames/00040.pgm
intrinsics: [573.679, 0, 320.0, 0, 573.679, 240.0, 0, 0, 1]
pose: [-0.9976605020207503, -0.029196893718885283, -0.06181475636830031, 0.3754283555972075,
  0.05557483201210621, 0.18019081429159567, -0.982060440345582, 1.3070784687675248,
  0.03981156558753227, -0.9831982566309299, -0.1781466457819788, 0.35258793824916174,
  0.0, 0.0, 0.0, 1.0]
rgb: frames/00040.ppm
timestamp: 4.574881
