camera: 1
depth_scaling: 65.536
frame: 60
id: '01_0060'
image: frames/00060.pgm
intrinsics: [573.679, 0, 320.0, 0, 573.679, 240.0, 0, 0, 1]
pose: [-0.9134865696774803, -0.18143092886090437, 0.3641772989514025, 0.031521045807150094,
  -0.38647660357014957, 0.6667389060407014, -0.6372558874302617, 0.9880708413004444,
  -0.12719324632916318, -0.7228707002115375, -0.6791758453183758, 0.6532210465039722,
  0.0, 0.0, 0.0, 1.0]
rgb: frames/00060.ppm
timestamp: 7.125292
