camera: 1
depth_scaling: 65.536
frame: 41
id: '01_0041'
image: frames/00041.pgm
intrinsics: [573.679, 0, 320.0, 0, 573.679, 240.0, 0, 0, 1]
pose: [-0.9893341220770303, -0.026001261794386624, 0.14332455923243353, 0.2725211093734628,
  -0.12709357015306372, 0.6348293756619331, -0.7621278686824338, 1.0498509846949526,
  -0.07117035422013766, -0.772214735796838, -0.6313629562291408, 0.691387718557421,
  0.0, 0.0, 0.0, 1.0]
rgb: frames/00041.ppm
timestamp: 4.78162
