camera: 1
depth_scaling: 65.536
frame: 516
id: '01_0516'
image: frames/00516.pgm
intrinsics: [573.679, 0, 320.0, 0, 573.679, 240.0, 0, 0, 1]
pose: [-0.9962228586681613, -0.06357485897287768, -0.05914603261094445, 0.44285136963448574,
  0.03439833402485736, 0.3364802032878511, -0.9410620741543465, 1.2288554922515758,
  0.07972935772568683, -0.9395420746842289, -0.3330224007701348, 0.48592015224814,
  0.0, 0.0, 0.0, 1.0]
rgb: frames/00516.ppm
timestamp: 70.147614
