camera: 1
depth_scaling: 65.536
frame: 508
id: 01_0508
image: frames/00508.pgm
intrinsics: [573.679, 0, 320.0, 0, 573.679, 240.0, 0, 0, 1]
pose: [-0.994604632145141, -0.054163988269140255, -0.08847535300980093, 0.45027622784591814,
  0.06525882092961477, 0.3362969143608596, -0.9394922414167353, 1.2271785997619087,
  0.08064063495722823, -0.940197132396257, -0.3309477907881393, 0.4922654690860805,
  0.0, 0.0, 0.0, 1.0]
rgb: frames/00508.ppm
timestamp: 69.07827
