camera: 1
depth_scaling: 65.536
frame: 533
id: '01_0533'
image: frames/00533.pgm
intrinsics: [573.679, 0, 320.0, 0, 573.679, 240.0, 0, 0, 1]
pose: [-0.9973923213366671, -0.008868550213387692, -0.07162336319782027, 0.4467859930774314,
  0.06550268831169072, 0.3053877277571603, -0.9499724909486907, 1.267322525066919,
  0.030297774878623597, -0.9521867907886725, -0.3040104608150401, 0.49737603404395675,
  0.0, 0.0, 0.0, 1.0]
rgb: frames/00533.ppm
timestamp: 72.45594
