camera: 1
depth_scaling: 65.536
frame: 26
id: '01_0026'
image: frames/00026.pgm
intrinsics: [573.679, 0, 320.0, 0, 573.679, 240.0, 0, 0, 1]
pose: [-0.995285613411072, -0.008175926238192244, -0.0966421334982497, 0.35908284075884916,
  0.09275881673254716, 0.21077335658795382, -0.9731240383789853, 1.424304539502346,
  0.028325777223645557, -0.9775007654128944, -0.209021300258805, 0.4113776024745035,
  0.0, 0.0, 0.0, 1.0]
rgb: frames/00026.ppm
timestamp: 3.020027
