camera: 1
depth_scaling: 65.536
frame: 44
id: '01_0044'
image: frames/00044.pgm
intrinsics: [573.679, 0, 320.0, 0, 573.679, 240.0, 0, 0, 1]
pose: [-0.9985954148891163, -0.013991518877508385, -0.051102199188821334, 0.34768024577939177,
  0.04716160722056548, 0.2048042700111734, -0.9776660952439556, 1.4060360795470837,
  0.024144982228337854, -0.9787029418494106, -0.20385674246515006, 0.4170090423201637,
  0.0, 0.0, 0.0, 1.0]
rgb: frames/00044.ppm
timestamp: 5.084351
