camera: 1
depth_scaling: 65.536
frame: 6
id: '01_0006'
image: frames/00006.pgm
intrinsics: [573.679, 0, 320.0, 0, 573.679, 240.0, 0, 0, 1]
pose: [-0.9938272736181446, -0.0364367470568072, -0.10478412893489081, 0.40656894883638756,
  0.09273390195691056, 0.24557660188332678, -0.9649313737438969, 1.3922862061787777,
  0.06089149070741873, -0.9686921575357964, -0.24068180298492048, 0.4222313559100615,
  0.0, 0.0, 0.0, 1.0]
rgb: frames/00006.ppm
timestamp: 0.707098
