camera: 1
depth_scaling: 65.536
frame: 71
id: '01_0071'
image: frames/00071.pgm
intrinsics: [573.679, 0, 320.0, 0, 573.679, 240.0, 0, 0, 1]
pose: [-0.9978002572160753, 0.001999324548219066, -0.06626197552808515, 0.34776821976361155,
  0.0648983965705691, 0.23334362597911265, -0.970226236677554, 1.390709495780094,
  0.013522012501946973, -0.9723922844800194, -0.23296008297909382, 0.44677889571626705,
  0.0, 0.0, 0.0, 1.0]
rgb: frames/00071.ppm
timestamp: 8.149094
