camera: 1
depth_scaling: 65.536
frame: 103
id: '01_0103'
image: frames/00103.pgm
intrinsics: [573.679, 0, 320.0, 0, 573.679, 240.0, 0, 0, 1]
pose: [-0.9992608818178296, 0.03358400320297238, -0.01870306920044454, 0.37094826964807964,
  0.03356650800868566, 0.5251932133381287, -0.8503207501899936, 1.2174796979016684,
  -0.018734449785267768, -0.850320059384955, -0.5259323311974742, 0.6095329774561049,
  0.0, 0.0, 0.0, 1.0]
rgb: frames/00103.ppm
timestamp: 11.797039
