camera: 1
depth_scaling: 65.536
frame: 12
id: '01_0012'
image: frames/00012.pgm
intrinsics: [573.679, 0, 320.0, 0, 573.679, 240.0, 0, 0, 1]
pose: [-0.9779239561077976, -0.012084477583932288, -0.20861136467603458, 0.5750780368302374,
  0.20283720820648532, 0.18502078646981074, -0.9615739053973397, 1.3214166623827668,
  0.050217557063968785, -0.9826603044672234, -0.17848507777097478, 0.36913834256644873,
  0.0, 0.0, 0.0, 1.0]
rgb: frames/00012.ppm
timestamp: 2.230783
