camera: 1
depth_scaling: 65.536
frame: 35
id: '01_0035'
image: frames/00035.pgm
intrinsics: [573.679, 0, 320.0, 0, 573.679, 240.0, 0, 0, 1]
pose: [-0.987978066830503, -0.09828424259285477, -0.11932957353402013, 0.407872773978704,
  0.08553326020578644, 0.2954618402196483, -0.951517925407918, 1.315744441435392,
  0.12877655400122914, -0.9502854879624164, -0.28350324602656773, 0.3662207136799338,
  0.0, 0.0, 0.0, 1.0]
rgb: frames/00035.ppm
timestamp: 6.811199
