camera: 1
depth_scaling: 65.536
frame: 114
id: '01_0114'
image: frames/00114.pgm
intrinsics: [573.679, 0, 320.0, 0, 573.679, 240.0, 0, 0, 1]
pose: [-0.9614401566030555, -0.0029289057035876143, -0.2749986305101745, 0.5408543026199729,
  0.236201895531184, 0.5033677042793366, -0.8311616081340776, 1.2326192118985464,
  0.14085982329453503, -0.8640673444818581, -0.4832661113522264, 0.4668015314976681,
  0.0, 0.0, 0.0, 1.0]
rgb: frames/00114.ppm
timestamp: 22.333467
