camera: 1
depth_scaling: 65.536
frame: 439
id: 01_0439
image: frames/00439.pgm
intrinsics: [573.679, 0, 320.0, 0, 573.679, 240.0, 0, 0, 1]
pose: [-0.9881679866740612, -0.12509390859834785, 0.08874426259832674, 0.29367632046218217,
  -0.138498065412557, 0.47918478497485584, -0.8667180785731773, 1.1593343236079314,
  0.06589625171063737, -0.8687539674039996, -0.49084032854921256, 0.4958356386402417,
  0.0, 0.0, 0.0, 1.0]
rgb: frames/00439.ppm
timestamp: 94.135002
