camera: 1
depth_scaling: 65.536
frame: 469
id: 01_0469
image: frames/00469.pgm
intrinsics: [573.679, 0, 320.0, 0, 573.679, 240.0, 0, 0, 1]
pose: [-0.9963965115869154, -0.07803030202748927, 0.033245505905676376, 0.29880962991631055,
  -0.0646587161065727, 0.4451231942533702, -0.8931319008797782, 1.1820854233159974,
  0.05489300619273076, -0.8920631221517765, -0.44856453712698857, 0.42947652655319085,
  0.0, 0.0, 0.0, 1.0]
rgb: frames/00469.ppm
timestamp: 101.39904
