camera: 1
depth_scaling: 65.536
frame: 20
id: '01_0020'
image: frames/00020.pgm
intrinsics: [573.679, 0, 320.0, 0, 573.679, 240.0, 0, 0, 1]
pose: [-0.9913764493073975, -0.09243158955973023, -0.09289314834861809, 0.41388544186646825,
  0.05164550553928379, 0.37591091193748766, -0.9252155035687188, 1.311283518519961,
  0.12043868778863634, -0.9220343743797125, -0.3678955489618804, 0.4856481536785002,
  0.0, 0.0, 0.0, 1.0]
rgb: frames/00020.ppm
timestamp: 2.382301
