camera: 1
depth_scaling: 65.536
frame: 9
id: 01_0009
image: frames/00009.pgm
intrinsics: [573.679, 0, 320.0, 0, 573.679, 240.0, 0, 0, 1]
pose: [-0.9692708875584177, -0.038237454816079104, -0.2430058509190791, 0.4588993171054469,
  0.20370012074749036, 0.4290618622165838, -0.8800069199720505, 1.3059507028082027,
  0.13791376776513392, -0.9024654095534216, -0.4080881978450236, 0.4487606057771133,
  0.0, 0.0, 0.0, 1.0]
rgb: frames/00009.ppm
timestamp: 1.099239
