camera: 1
depth_scaling: 65.536
frame: 60
id: '01_0060'
image: frames/00060.pgm
intrinsics: [573.679, 0, 320.0, 0, 573.679, 240.0, 0, 0, 1]
pose: [-0.997876917416535, -0.0374538680372655, -0.05328100464819166, 0.36926234660705826,
  0.027505042693482, 0.499205912257817, -0.8660467249480654, 1.2583304784811493, 0.059034992281724305,
  -0.8656735325374615, -0.49711588664053874, 0.5756844226315605, 0.0, 0.0, 0.0, 1.0]
rgb: frames/00060.ppm
timestamp: 7.010672
