camera: 1
depth_scaling: 65.536
frame: 524
id: '01_0524'
image: frames/00524.pgm
intrinsics: [573.679, 0, 320.0, 0, 573.679, 240.0, 0, 0, 1]
pose: [-0.9998374655855964, 0.013063627694883999, -0.012425137537300845, 0.28848173094806984,
  0.017904545225134016, 0.638659949626837, -0.7692807653925368, 1.0826188062830184,
  -0.002114159798244447, -0.7693781972307865, -0.6387900437187888, 0.5313049228534028,
  0.0, 0.0, 0.0, 1.0]
rgb: frames/00524.ppm
timestamp: 65.028931
