camera: 1
depth_scaling: 65.536
frame: 510
id: '01_0510'
image: frames/00510.pgm
intrinsics: [573.679, 0, 320.0, 0, 573.679, 240.0, 0, 0, 1]
pose: [-0.999450549856604, -0.0030061383574919026, 0.0330085068354663, 0.2826603744436172,
  -0.02758442738545208, 0.6275811755495315, -0.7780623159244282, 1.0794128535753165,
  -0.01837655455051737, -0.7785453302332778, -0.6273192735878663, 0.5193389364972624,
  0.0, 0.0, 0.0, 1.0]
rgb: frames/00510.ppm
timestamp: 63.331673
