camera: 1
depth_scaling: 65.536
frame: 96
id: 01_0096
image: frames/00096.pgm
intrinsics: [573.679, 0, 320.0, 0, 573.679, 240.0, 0, 0, 1]
pose: [-0.3057488936497391, 0.40764532911889956, -0.8604318100114067, 1.3172443475677675,
  0.9313538694667451, 0.31573062475976404, -0.18136742380628917, 0.42763630082776827,
  0.1977310897691142, -0.8568193848392749, -0.47619634385657067, 0.474508634204134,
  0.0, 0.0, 0.0, 1.0]
rgb: frames/00096.ppm
timestamp: 21.119505
