camera: 1
depth_scaling: 65.536
frame: 53
id: '01_0053'
image: frames/00053.pgm
intrinsics: [573.679, 0, 320.0, 0, 573.679, 240.0, 0, 0, 1]
pose: [-0.8794815761519105, 0.056088367715371644, -0.47261639012668244, 1.0067212647908974,
  0.4336981619716348, 0.5034125310327969, -0.7473163506183836, 0.9805012277794342,
  0.19600525888806342, -0.8622238216415613, -0.46706746823349266, 0.47018385337300633,
  0.0, 0.0, 0.0, 1.0]
rgb: frames/00053.ppm
timestamp: 10.815849
