camera: 1
depth_scaling: 65.536
frame: 22
id: '01_0022'
image: frames/00022.pgm
intrinsics: [573.679, 0, 320.0, 0, 573.679, 240.0, 0, 0, 1]
pose: [-0.994197912796277, -0.02774934552912165, -0.10392537714260125, 0.6293763458266873,
  0.0792088799944809, 0.4648122960399982, -0.8818591059687739, 1.169217116450645,
  0.07277680620600502, -0.8849742952610155, -0.4599174199850698, 0.5202112922977405,
  0.0, 0.0, 0.0, 1.0]
rgb: frames/00022.ppm
timestamp: 3.887784
