camera: 1
depth_scaling: 65.536
frame: 177
id: '01_0177'
image: frames/00177.pgm
intrinsics: [573.679, 0, 320.0, 0, 573.679, 240.0, 0, 0, 1]
pose: [-0.637988430631362, 0.304569763751928, -0.7072538592249791, 1.2342943833440296,
  0.7583124099016102, 0.4082167985413601, -0.5082532187579873, 0.7842232807085608,
  0.13391434340556554, -0.8605790517998548, -0.49139662619264995, 0.4235216287196191,
  0.0, 0.0, 0.0, 1.0]
rgb: frames/00177.ppm
timestamp: 43.967316
