camera: 1
depth_scaling: 65.536
frame: 209
id: 01_0209
image: frames/00209.pgm
intrinsics: [573.679, 0, 320.0, 0, 573.679, 240.0, 0, 0, 1]
pose: [-0.9233113646055868, -0.216338469645362, 0.3173228490696373, 0.43272857140998167,
  -0.3794167628896895, 0.3858417185428327, -0.840933462451235, 1.1256775104078798,
  0.05948986492233886, -0.8968410309432862, -0.4383344855109003, 0.43948892616130764,
  0.0, 0.0, 0.0, 1.0]
rgb: frames/00209.ppm
timestamp: 51.740463
