camera: 1
depth_scaling: 65.536
frame: 42
id: '01_0042'
image: frames/00042.pgm
intrinsics: [573.679, 0, 320.0, 0, 573.679, 240.0, 0, 0, 1]
pose: [-0.5878919546679827, 0.10928150051616364, -0.8015239255827578, 1.2233776438714712,
  0.7767948217566933, 0.3528012338526534, -0.5216522733431077, 0.8016758218450192,
  0.2257716867294166, -0.92929480953946, -0.29229831069366974, 0.3910140580633119,
  0.0, 0.0, 0.0, 1.0]
rgb: frames/00042.ppm
timestamp: 4.872815
