camera: 1
depth_scaling: 65.536
frame: 128
id: 01_0128
image: frames/00128.pgm
intrinsics: [573.679, 0, 320.0, 0, 573.679, 240.0, 0, 0, 1]
pose: [-0.3718129343612962, 0.250414503115432, -0.8938946909290232, 1.363389179009281,
  0.9214141187197286, 0.21668562972067212, -0.3225575292819899, 0.5412850335784859,
  0.11292105058663011, -0.9435782503332764, -0.3113019785231129, 0.3715628582756419,
  0.0, 0.0, 0.0, 1.0]
rgb: frames/00128.ppm
timestamp: 16.26281
