camera: 1
depth_scaling: 65.536
frame: 150
id: '01_0150'
image: frames/00150.pgm
intrinsics: [573.679, 0, 320.0, 0, 573.679, 240.0, 0, 0, 1]
pose: [-0.7470554853254804, 0.10978966823544181, -0.6556327711408749, 1.2958911461356122,
  0.6577055974850377, 0.2653902165248977, -0.704976155632031, 1.0443308858304061,
  0.09659942485315759, -0.9578696475625583, -0.270470496351117, 0.37335748083811215,
  0.0, 0.0, 0.0, 1.0]
rgb: frames/00150.ppm
timestamp: 19.32939
