camera: 1
depth_scaling: 65.536
frame: 140
id: '01_0140'
image: frames/00140.pgm
intrinsics: [573.679, 0, 320.0, 0, 573.679, 240.0, 0, 0, 1]
pose: [-0.6009615850684438, 0.141266976380293, -0.7866948675670851, 1.4149951638626368,
  0.7919972741682224, 0.23779477772102542, -0.5623112673588481, 0.8821424730613037,
  0.10763591864303151, -0.9609876612490806, -0.2547885867634043, 0.37866983402159865,
  0.0, 0.0, 0.0, 1.0]
rgb: frames/00140.ppm
timestamp: 17.952925
