camera: 1
depth_scaling: 65.536
frame: 169
id: 01_0169
image: frames/00169.pgm
intrinsics: [573.679, 0, 320.0, 0, 573.679, 240.0, 0, 0, 1]
pose: [-0.9345880729321291, -0.002659893949941025, -0.3557218841977318, 0.7952001873559805,
  0.33981436945372145, 0.28910195273658557, -0.8949560074309032, 1.1704622096614838,
  0.10522037942233071, -0.9572946181234218, -0.26928736670358805, 0.3705337931772413,
  0.0, 0.0, 0.0, 1.0]
rgb: frames/00169.ppm
timestamp: 21.758341
