camera: 1
depth_scaling: 65.536
frame: 41
id: '01_0041'
image: frames/00041.pgm
intrinsics: [573.679, 0, 320.0, 0, 573.679, 240.0, 0, 0, 1]
pose: [-0.9850539443005363, -0.13199969619024637, -0.11065625614324028, 0.5089651547907603,
  0.0574140276154875, 0.354067577569787, -0.933455826457166, 1.3786986382373798, 0.1623956780549401,
  -0.9258575650279829, -0.341197029631752, 0.5049448289109442, 0.0, 0.0, 0.0, 1.0]
rgb: frames/00041.ppm
timestamp: 8.931402
