camera: 1
depth_scaling: 65.536
frame: 76
id: '01_0076'
image: frames/00076.pgm
intrinsics: [573.679, 0, 320.0, 0, 573.679, 240.0, 0, 0, 1]
pose: [-0.8364886458244111, -0.32161487648928955, 0.44367850593376906, 0.0697567750573308,
  -0.5266945727490813, 0.2483771754154366, -0.8129585510770597, 1.177617065340547,
  0.15125994989918967, -0.9137136586225623, -0.37715749707922563, 0.49768907010513247,
  0.0, 0.0, 0.0, 1.0]
rgb: frames/00076.ppm
timestamp: 17.094036
