camera: 1
depth_scaling: 65.536
frame: 23
id: '01_0023'
image: frames/00023.pgm
intrinsics: [573.679, 0, 320.0, 0, 573.679, 240.0, 0, 0, 1]
pose: [-0.9677432958410558, -0.13672066453690204, -0.21161373595132915, 0.739128798003885,
  0.1523227467881792, 0.35151706884069617, -0.9237064095937355, 1.301775321474856,
  0.20067559434469162, -0.9261442707279643, -0.31935261957931643, 0.5144150121865851,
  0.0, 0.0, 0.0, 1.0]
rgb: frames/00023.ppm
timestamp: 5.054946
