camera: 1
depth_scaling: 65.536
frame: 87
id: 01_0087
image: frames/00087.pgm
intrinsics: [573.679, 0, 320.0, 0, 573.679, 240.0, 0, 0, 1]
pose: [-0.8413239382111896, -0.3352731242641154, 0.42398816391379796, 0.061679964137583476,
  -0.5108987914064981, 0.23709139384335579, -0.8262990354011037, 1.1271550693713135,
  0.17651191441994535, -0.9118001991179832, -0.3707612991618894, 0.49075920479234153,
  0.0, 0.0, 0.0, 1.0]
rgb: frames/00087.ppm
timestamp: 19.979427
