camera: 1
depth_scaling: 65.536
frame: 62
id: '01_0062'
image: frames/00062.pgm
intrinsics: [573.679, 0, 320.0, 0, 573.679, 240.0, 0, 0, 1]
pose: [-0.9544713635192998, -0.22916650452690468, 0.1909636861409225, 0.22734773097855676,
  -0.2578845472551936, 0.31214478997384865, -0.9143638172954821, 1.2658217322842886,
  0.14993324017239273, -0.9219806631893653, -0.3570317635677608, 0.500126203136877,
  0.0, 0.0, 0.0, 1.0]
rgb: frames/00062.ppm
timestamp: 13.882506
