camera: 1
depth_scaling: 65.536
frame: 47
id: '01_0047'
image: frames/00047.pgm
intrinsics: [573.679, 0, 320.0, 0, 573.679, 240.0, 0, 0, 1]
pose: [-0.9978206997965584, -0.03039683341923097, 0.0585652078933388, 0.30296979456172013,
  -0.06544420828483927, 0.5691779803819697, -0.8196056870533985, 1.154932703166031,
  -0.008420609210564256, -0.8216522738764777, -0.5699268673910163, 0.7463700908017028,
  0.0, 0.0, 0.0, 1.0]
rgb: frames/00047.ppm
timestamp: 5.427302
