camera: 1
depth_scaling: 65.536
frame: 32
id: '01_0032'
image: frames/00032.pgm
intrinsics: [573.679, 0, 320.0, 0, 573.679, 240.0, 0, 0, 1]
pose: [-0.9848064211003464, 0.09842444667845456, -0.14306970767974236, 0.5045695346993846,
  0.17363658885805847, 0.5458737489094375, -0.8196780985614379, 1.197663146541313,
  -0.0025783656188389653, -0.8320663907090567, -0.554670058217621, 0.7158833329862035,
  0.0, 0.0, 0.0, 1.0]
rgb: frames/00032.ppm
timestamp: 3.640189
