camera: 1
depth_scaling: 65.536
frame: 18
id: 01_0018
image: frames/00018.pgm
intrinsics: [573.679, 0, 320.0, 0, 573.679, 240.0, 0, 0, 1]
pose: [-0.9664088762638333, 0.17562677502379978, -0.1876409330962056, 0.5266488299773617,
  0.25055475022422447, 0.48120959644204436, -0.8400355001023241, 1.1509959337662081,
  -0.05723810809724225, -0.8588320907993742, -0.509049348093703, 0.6666912832298886,
  0.0, 0.0, 0.0, 1.0]
rgb: frames/00018.ppm
timestamp: 2.030673
