camera: 1
depth_scaling: 65.536
frame: 494
id: 01_0494
image: frames/00494.pgm
intrinsics: [573.679, 0, 320.0, 0, 573.679, 240.0, 0, 0, 1]
pose: [-0.971556032068622, 0.06062416807631424, -0.22891829720695045, 0.5860774147773001,
  0.23675119631053096, 0.22715759517282547, -0.9446418887604082, 1.2654630453974014,
  -0.00526759875154896, -0.9719692058909861, -0.23504917613775855, 0.44628923735458853,
  0.0, 0.0, 0.0, 1.0]
rgb: frames/00494.ppm
timestamp: 70.213303
