camera: 1
depth_scaling: 65.536
frame: 514
id: '01_0514'
image: frames/00514.pgm
intrinsics: [573.679, 0, 320.0, 0, 573.679, 240.0, 0, 0, 1]
pose: [-0.9589453284298155, 0.038674546848522076, -0.2809415179511469, 0.5857414099974078,
  0.28129392393952257, 0.2555505863360462, -0.9249689866033397, 1.2754766447388675,
  0.03602201323273352, -0.9660218306277373, -0.25593795598405544, 0.43139316901889735,
  0.0, 0.0, 0.0, 1.0]
rgb: frames/00514.ppm
timestamp: 73.143112
