camera: 1
depth_scaling: 65.536
frame: 91
id: 01_0091
image: frames/00091.pgm
intrinsics: [573.679, 0, 320.0, 0, 573.679, 240.0, 0, 0, 1]
pose: [-0.9550445666892423, 0.11180066627143286, -0.2745732810355394, 0.5533596160416685,
  0.29645767596072164, 0.3653112437632182, -0.8824174417723952, 1.236417024008906,
  0.001649848879553462, -0.9241473400932527, -0.38203268420024006, 0.39251717162825983,
  0.0, 0.0, 0.0, 1.0]
rgb: frames/00091.ppm
timestamp: 16.222305
