camera: 1
depth_scaling: 65.536
frame: 20
id: '01_0020'
image: frames/00020.pgm
intrinsics: [573.679, 0, 320.0, 0, 573.679, 240.0, 0, 0, 1]
pose: [-0.9358843976446823, 0.03710388123895487, -0.35034796451849964, 0.6992290595414222,
  0.34574006264047863, 0.28783927653034513, -0.8930914622656771, 1.1804641675357364,
  0.06770674508945373, -0.9569596924027121, -0.28221258615784434, 0.2773395669271815,
  0.0, 0.0, 0.0, 1.0]
rgb: frames/00020.ppm
timestamp: 3.093669
