camera: 1
depth_scaling: 65.536
frame: 111
id: '01_0111'
image: frames/00111.pgm
intrinsics: [573.679, 0, 320.0, 0, 573.679, 240.0, 0, 0, 1]
pose: [-0.9998189309674871, 0.0072796477406167764, 0.01758158149325223, 0.34739044922201223,
  -0.013238296516269343, 0.39761135213667537, -0.917458424211905, 1.1686143761970957,
  -0.013669410535157217, -0.9175250510916949, -0.39744298689850355, 0.4041841630333668,
  0.0, 0.0, 0.0, 1.0]
rgb: frames/00111.ppm
timestamp: 19.845264
