camera: 1
depth_scaling: 65.536
frame: 536
id: '01_0536'
image: frames/00536.pgm
intrinsics: [573.679, 0, 320.0, 0, 573.679, 240.0, 0, 0, 1]
pose: [-0.9893982223072694, 0.05520507010497354, -0.1343263113835868, 0.45535338016923554,
  0.14522646169681072, 0.37190461264974195, -0.9168403535582791, 1.2015538408894197,
  -0.000657661189472053, -0.9266279508651519, -0.37597899962259795, 0.4101300366261667,
  0.0, 0.0, 0.0, 1.0]
rgb: frames/00536.ppm
timestamp: 105.795418
