camera: 1
depth_scaling: 65.536
frame: 522
id: '01_0522'
image: frames/00522.pgm
intrinsics: [573.679, 0, 320.0, 0, 573.679, 240.0, 0, 0, 1]
pose: [-0.9890121135737634, -0.004432533076854067, -0.1477680339413081, 0.4611826102043649,
  0.13583685465034448, 0.36719629707487167, -0.9201713037979414, 1.1966216381961163,
  0.05833856462973859, -0.9301329109675804, -0.3625594845151848, 0.4273851492995918,
  0.0, 0.0, 0.0, 1.0]
rgb: frames/00522.ppm
timestamp: 102.965149
