camera: 1
depth_scaling: 65.536
frame: 24
id: '01_0024'
image: frames/00024.pgm
intrinsics: [573.679, 0, 320.0, 0, 573.679, 240.0, 0, 0, 1]
pose: [-0.9913796692663199, 0.05169694324887307, -0.12039010517532114, 0.46806624065642655,
  0.12883130780266924, 0.5519014295059419, -0.8238976309221625, 1.1674998386611979,
  0.023850482075966475, -0.8323053755491554, -0.5538040414593625, 0.5963310869008979,
  0.0, 0.0, 0.0, 1.0]
rgb: frames/00024.ppm
timestamp: 2.782323
