camera: 1
depth_scaling: 65.536
frame: 5
id: '01_0005'
image: frames/00005.pgm
intrinsics: [573.679, 0, 320.0, 0, 573.679, 240.0, 0, 0, 1]
pose: [-0.9297067542021946, 0.1617848746171727, -0.33086402877303767, 0.6599588617927014,
  0.3649523666479441, 0.5255427866254315, -0.7685145083237146, 1.010877588940184,
  0.049549180304868864, -0.8352427394303298, -0.5476444512272847, 0.48515706592567465,
  0.0, 0.0, 0.0, 1.0]
rgb: frames/00005.ppm
timestamp: 0.602181
