camera: 1
depth_scaling: 65.536
frame: 44
id: '01_0044'
image: frames/00044.pgm
intrinsics: [573.679, 0, 320.0, 0, 573.679, 240.0, 0, 0, 1]
pose: [-0.9953253484444162, -0.08843615001562076, 0.0388136330999323, 0.2892440535528167,
  -0.08425970444532807, 0.5987490766336844, -0.7964922130423477, 1.01103728698089,
  0.04719907785950367, -0.7960393147330885, -0.603401737193793, 0.6146391265631637,
  0.0, 0.0, 0.0, 1.0]
rgb: frames/00044.ppm
timestamp: 5.130331
