camera: 1
depth_scaling: 65.536
frame: 592
id: 01_0592
image: frames/00592.pgm
intrinsics: [573.679, 0, 320.0, 0, 573.679, 240.0, 0, 0, 1]
pose: [-0.9688071827779631, -0.03627749302313335, -0.24514605054493982, 0.5561886181326695,
  0.2032558715266057, 0.4496073620339331, -0.8697932344499167, 1.0232205758206796,
  0.14177338709287302, -0.8924893072215736, -0.42820922830710917, 0.38430816571794074,
  0.0, 0.0, 0.0, 1.0]
rgb: frames/00592.ppm
timestamp: 76.280106
