camera: 1
depth_scaling: 65.536
frame: 584
id: 01_0584
image: frames/00584.pgm
intrinsics: [573.679, 0, 320.0, 0, 573.679, 240.0, 0, 0, 1]
pose: [-0.950695277910077, 0.0035191212741630014, -0.31010660158232584, 0.5591615540416985,
  0.278372585511694, 0.45044627450259056, -0.8482964443060408, 1.023553605188134,
  0.13670110531746357, -0.8927966003363782, -0.429216773009617, 0.38788337198597794,
  0.0, 0.0, 0.0, 1.0]
rgb: frames/00584.ppm
timestamp: 75.243057
