camera: 1
depth_scaling: 65.536
frame: 12
id: '01_0012'
image: frames/00012.pgm
intrinsics: [573.679, 0, 320.0, 0, 573.679, 240.0, 0, 0, 1]
pose: [-0.9926053577478968, -0.00306097177797531, -0.12134757608598704, 0.6000104242445604,
  0.10276800065653752, 0.5108369708809349, -0.8535129332483773, 1.2543487259865433,
  0.06460140719231959, -0.8596721582283361, -0.5067449442824334, 0.5340236484554582,
  0.0, 0.0, 0.0, 1.0]
rgb: frames/00012.ppm
timestamp: 1.383935
