camera: 1
depth_scaling: 65.536
frame: 3
id: '01_0003'
image: frames/00003.pgm
intrinsics: [573.679, 0, 320.0, 0, 573.679, 240.0, 0, 0, 1]
pose: [-0.9974807891207651, -0.057655317079590804, -0.04132722767701127, 0.560188103661987,
  0.006016783545975423, 0.5117261547654759, -0.8591275463193466, 1.254548385098219,
  0.07068149440112709, -0.8572118798414962, -0.5100901091060592, 0.5331357474989945,
  0.0, 0.0, 0.0, 1.0]
rgb: frames/00003.ppm
timestamp: 0.351146
