camera: 1
depth_scaling: 65.536
frame: 41
id: '01_0041'
image: frames/00041.pgm
intrinsics: [573.679, 0, 320.0, 0, 573.679, 240.0, 0, 0, 1]
pose: [-0.9804808088161852, -0.028863646217114108, -0.1944846355633598, 0.6811180848594782,
  0.14839704241134044, 0.5402551328566748, -0.8283131709840086, 1.0431725334138255,
  0.1289794609491233, -0.8410061125515496, -0.525426509898581, 0.5280270591985669,
  0.0, 0.0, 0.0, 1.0]
rgb: frames/00041.ppm
timestamp: 4.684882
