camera: 1
depth_scaling: 65.536
frame: 169
id: 01_0169
image: frames/00169.pgm
intrinsics: [573.679, 0, 320.0, 0, 573.679, 240.0, 0, 0, 1]
pose: [-0.29046631920768906, 0.44815931944352166, -0.845448130757799, 1.4034843236123575,
  0.956715870187833, 0.1526383740757542, -0.24778270821477352, 0.4800041103969971,
  0.018001698160850566, -0.8808261753350826, -0.47309743997182635, 0.5596246327102741,
  0.0, 0.0, 0.0, 1.0]
rgb: frames/00169.ppm
timestamp: 20.262568
