camera: 1
depth_scaling: 65.536
frame: 285
id: 01_0285
image: frames/00285.pgm
intrinsics: [573.679, 0, 320.0, 0, 573.679, 240.0, 0, 0, 1]
pose: [-0.7603722493023652, 0.2309307017794881, -0.607046170786453, 1.1327554360657928,
  0.6488763147507104, 0.31064125529757797, -0.6945945138443593, 0.7844092169201053,
  0.028170385982431406, -0.9220482750283618, -0.386048452750199, 0.4288939726101061,
  0.0, 0.0, 0.0, 1.0]
rgb: frames/00285.ppm
timestamp: 36.322105
