camera: 1
depth_scaling: 65.536
frame: 23
id: '01_0023'
image: frames/00023.pgm
intrinsics: [573.679, 0, 320.0, 0, 573.679, 240.0, 0, 0, 1]
pose: [-0.9935925116950367, -0.07081781509671929, -0.08808381104649737, 0.37675157045430446,
  0.07329005432832778, 0.1895694285847182, -0.9791281834788612, 1.324331152136743,
  0.08603771638124141, -0.9793100983912044, -0.183164523172231, 0.3454524419529502,
  0.0, 0.0, 0.0, 1.0]
rgb: frames/00023.ppm
timestamp: 2.64766
