camera: 1
depth_scaling: 65.536
frame: 33
id: '01_0033'
image: frames/00033.pgm
intrinsics: [573.679, 0, 320.0, 0, 573.679, 240.0, 0, 0, 1]
pose: [-0.9903063331274788, -0.10496585889597858, -0.09096996775769758, 0.3735194195961503,
  0.06915791841134006, 0.19537112827366795, -0.9782879456264831, 1.3304072622703602,
  0.12045973970010676, -0.9750960417842458, -0.18621804533417008, 0.34585160599049214,
  0.0, 0.0, 0.0, 1.0]
rgb: frames/00033.ppm
timestamp: 3.798717
