camera: 1
depth_scaling: 65.536
frame: 58
id: 01_0058
image: frames/00058.pgm
intrinsics: [573.679, 0, 320.0, 0, 573.679, 240.0, 0, 0, 1]
pose: [-0.9805484844065179, -0.03827057166249434, -0.19250982591209864, 0.48720778963571365,
  0.184942090980869, 0.14833280201811944, -0.9714905057843217, 1.315519323138925,
  0.06573501891461371, -0.988196712800685, -0.1383696646603442, 0.34078319752847697,
  0.0, 0.0, 0.0, 1.0]
rgb: frames/00058.ppm
timestamp: 6.668918
