camera: 1
depth_scaling: 65.536
frame: 17
id: '01_0017'
image: frames/00017.pgm
intrinsics: [573.679, 0, 320.0, 0, 573.679, 240.0, 0, 0, 1]
pose: [-0.9879641030357799, -0.14025844932542045, -0.06522651688949335, 0.3548764447735485,
  0.046445943073419316, 0.13323300815175518, -0.989995828229016, 1.3161011698851648,
  0.14754560476248552, -0.9811098475357704, -0.12511499344047303, 0.36077943912265237,
  0.0, 0.0, 0.0, 1.0]
rgb: frames/00017.ppm
timestamp: 1.934812
