camera: 1
depth_scaling: 65.536
frame: 51
id: '01_0051'
image: frames/00051.pgm
intrinsics: [573.679, 0, 320.0, 0, 573.679, 240.0, 0, 0, 1]
pose: [-0.9828410096068768, -0.02458325271877974, -0.18280922712133432, 0.4576727575987396,
  0.17630413209493748, 0.1661542851921708, -0.9702111144068232, 1.3263535026201594,
  0.05422548147491032, -0.9857932933419884, -0.15896911637412708, 0.34357418726689826,
  0.0, 0.0, 0.0, 1.0]
rgb: frames/00051.ppm
timestamp: 5.85434
