camera: 1
depth_scaling: 65.536
frame: 20
id: '01_0020'
image: frames/00020.pgm
intrinsics: [573.679, 0, 320.0, 0, 573.679, 240.0, 0, 0, 1]
pose: [-0.9914729449140364, 0.05571464449930695, -0.1178018586092924, 0.4483402242047633,
  0.12889108681715264, 0.5524405852605304, -0.8235268590010264, 1.05197950061373,
  0.019196021530022686, -0.8316882096947864, -0.5549110150394388, 0.5631155307727918,
  0.0, 0.0, 0.0, 1.0]
rgb: frames/00020.ppm
timestamp: 2.210398
