camera: 1
depth_scaling: 65.536
frame: 34
id: '01_0034'
image: frames/00034.pgm
intrinsics: [573.679, 0, 320.0, 0, 573.679, 240.0, 0, 0, 1]
pose: [-0.9937886535579242, -0.005372486603169923, -0.11115416522661897, 0.361459494999521,
  0.0868375550036784, 0.5872078769386235, -0.8047646539841431, 1.0559098332327201,
  0.06959418869784247, -0.809418337850665, -0.5830939917805327, 0.6219876123775567,
  0.0, 0.0, 0.0, 1.0]
rgb: frames/00034.ppm
timestamp: 3.811406
