camera: 1
depth_scaling: 65.536
frame: 598
id: 01_0598
image: frames/00598.pgm
intrinsics: [573.679, 0, 320.0, 0, 573.679, 240.0, 0, 0, 1]
pose: [-0.9797404203696265, -0.0437762946775805, -0.1954286179612612, 0.4596146169535994,
  0.1651885261875985, 0.37507846530509314, -0.9121561794343913, 0.9655601017324442,
  0.11323188380450114, -0.9259588440577031, -0.3602481916698629, 0.3685343996964904,
  0.0, 0.0, 0.0, 1.0]
rgb: frames/00598.ppm
timestamp: 76.238426
