camera: 1
depth_scaling: 65.536
frame: 628
id: 01_0628
image: frames/00628.pgm
intrinsics: [573.679, 0, 320.0, 0, 573.679, 240.0, 0, 0, 1]
pose: [-0.9751775926726275, -0.05892205939442839, -0.2134405155211589, 0.45818764459181494,
  0.17389612018502118, 0.39292919061354026, -0.9029766279081561, 0.9685908070549206,
  0.13707225150925084, -0.9176790517825432, -0.37292942467131396, 0.3544820866129163,
  0.0, 0.0, 0.0, 1.0]
rgb: frames/00628.ppm
timestamp: 80.077202
