camera: 1
depth_scaling: 65.536
frame: 611
id: '01_0611'
image: frames/00611.pgm
intrinsics: [573.679, 0, 320.0, 0, 573.679, 240.0, 0, 0, 1]
pose: [-0.9760295015279326, -0.03055606946666775, -0.21548257183791772, 0.4577681424522928,
  0.18661621467941977, 0.39195280321375203, -0.9008592500893837, 0.973356190059768,
  0.11198571590100198, -0.9194777466973468, -0.3768552411238434, 0.35530023272969014,
  0.0, 0.0, 0.0, 1.0]
rgb: frames/00611.ppm
timestamp: 77.890739
