camera: 1
depth_scaling: 65.536
frame: 9
id: 01_0009
image: frames/00009.pgm
intrinsics: [573.679, 0, 320.0, 0, 573.679, 240.0, 0, 0, 1]
pose: [-0.9874586577506872, -0.00543034014971203, -0.15778438021258687, 0.5193754991305436,
  0.15027778489808657, 0.2740178493533459, -0.9499109461427907, 1.2596210938218828,
  0.048394076076893805, -0.9617092750107101, -0.269765238233243, 0.389701301641356,
  0.0, 0.0, 0.0, 1.0]
rgb: frames/00009.ppm
timestamp: 1.04706
