camera: 1
depth_scaling: 65.536
frame: 24
id: '01_0024'
image: frames/00024.pgm
intrinsics: [573.679, 0, 320.0, 0, 573.679, 240.0, 0, 0, 1]
pose: [-0.9933582624279413, -0.07521016673780212, -0.08707923567311274, 0.4688810721868457,
  0.060380792529612856, 0.30349052865629966, -0.9509193756094233, 1.3054555557863605,
  0.09794652806321091, -0.949861531927255, -0.2969335747354463, 0.41265142657520415,
  0.0, 0.0, 0.0, 1.0]
rgb: frames/00024.ppm
timestamp: 2.737463
