camera: 1
depth_scaling: 65.536
frame: 16
id: '01_0016'
image: frames/00016.pgm
intrinsics: [573.679, 0, 320.0, 0, 573.679, 240.0, 0, 0, 1]
pose: [-0.9932690624198741, -0.034397033001324046, -0.11060476373217329, 0.4895202714320105,
  0.09589154220595578, 0.2914342009973728, -0.9517725141137383, 1.2756708397767988,
  0.06497216152251256, -0.9559722541003627, -0.2861741910399396, 0.39999043879810164,
  0.0, 0.0, 0.0, 1.0]
rgb: frames/00016.ppm
timestamp: 1.819868
