camera: 1
depth_scaling: 65.536
frame: 43
id: '01_0043'
image: frames/00043.pgm
intrinsics: [573.679, 0, 320.0, 0, 573.679, 240.0, 0, 0, 1]
pose: [-0.9965325514323893, -0.061967405852243376, 0.055523999744215013, 0.3494571676122003,
  -0.07192148467326695, 0.3060120921880303, -0.9493070627974372, 1.3130701106908755,
  0.041835080710395, -0.9500087578789196, -0.3094077988275456, 0.4050728214704206,
  0.0, 0.0, 0.0, 1.0]
rgb: frames/00043.ppm
timestamp: 4.912689
