camera: 1
depth_scaling: 65.536
frame: 122
id: '01_0122'
image: frames/00122.pgm
intrinsics: [573.679, 0, 320.0, 0, 573.679, 240.0, 0, 0, 1]
pose: [-0.9786458882605247, 0.04843403997661838, -0.1997657857650105, 0.6516185415917649,
  0.20521958851600292, 0.2855898154851892, -0.9361214546096346, 1.2518088064952122,
  0.011710929941349982, -0.9571272648204516, -0.28943091240783153, 0.3752444407024473,
  0.0, 0.0, 0.0, 1.0]
rgb: frames/00122.ppm
timestamp: 14.022278
