camera: 1
depth_scaling: 65.536
frame: 53
id: '01_0053'
image: frames/00053.pgm
intrinsics: [573.679, 0, 320.0, 0, 573.679, 240.0, 0, 0, 1]
pose: [-0.9730194989342746, -0.16715415991000765, 0.15903628994186508, 0.13069182649260835,
  -0.23072241024316564, 0.7063461336485526, -0.6692102127816981, 0.9759112214548649,
  -0.00047339758952419375, -0.6878478220540651, -0.7258547716934851, 0.6310913317213968,
  0.0, 0.0, 0.0, 1.0]
rgb: frames/00053.ppm
timestamp: 6.382143
