camera: 1
depth_scaling: 65.536
frame: 6
id: '01_0006'
image: frames/00006.pgm
intrinsics: [573.679, 0, 320.0, 0, 573.679, 240.0, 0, 0, 1]
pose: [-0.8545779025978129, 0.2654099810838358, -0.4463789313269622, 0.7424809352374491,
  0.5190251825827087, 0.40738129069621604, -0.7514341912873483, 1.0268493502769658,
  -0.017591709311747188, -0.8738409614636767, -0.4858935128520732, 0.5043066483968174,
  0.0, 0.0, 0.0, 1.0]
rgb: frames/00006.ppm
timestamp: 0.69552
