camera: 1
depth_scaling: 65.536
frame: 36
id: '01_0036'
image: frames/00036.pgm
intrinsics: [573.679, 0, 320.0, 0, 573.679, 240.0, 0, 0, 1]
pose: [-0.9602814062324131, 0.10549702855166619, -0.25832150086872047, 0.4778552121831851,
  0.26324691553329016, 0.6494976249826122, -0.7133399586481575, 1.1127366210050806,
  0.0925239553116288, -0.7530094369320448, -0.6514722600270686, 0.6392682853139535,
  0.0, 0.0, 0.0, 1.0]
rgb: frames/00036.ppm
timestamp: 4.293048
