camera: 1
depth_scaling: 65.536
frame: 545
id: '01_0545'
image: frames/00545.pgm
intrinsics: [573.679, 0, 320.0, 0, 573.679, 240.0, 0, 0, 1]
pose: [-0.8969901833090034, -0.07163448100001167, -0.43620764800624445, 0.6812365200057533,
  0.3741139475175951, 0.40262358925356995, -0.835423844314594, 1.1588786753596516,
  0.2354726424026425, -0.9125583523854414, -0.3343499486638, 0.42316907829355804,
  0.0, 0.0, 0.0, 1.0]
rgb: frames/00545.ppm
timestamp: 72.648621
