camera: 1
depth_scaling: 65.536
frame: 503
id: '01_0503'
image: frames/00503.pgm
intrinsics: [573.679, 0, 320.0, 0, 573.679, 240.0, 0, 0, 1]
pose: [-0.9079891428443133, -0.07370288954943478, -0.41246042300918123, 0.698808791750755,
  0.36066471169409786, 0.36354311566741104, -0.8589280346975786, 1.1463842200961598,
  0.21325262534248474, -0.9286572495398373, -0.30351117057143456, 0.41549673242289836,
  0.0, 0.0, 0.0, 1.0]
rgb: frames/00503.ppm
timestamp: 66.914879
