camera: 1
depth_scaling: 65.536
frame: 28
id: 01_0028
image: frames/00028.pgm
intrinsics: [573.679, 0, 320.0, 0, 573.679, 240.0, 0, 0, 1]
pose: [-0.8702336386000897, 0.2954166973281861, -0.3942364635451109, 0.7400490279198365,
  0.4914973807209462, 0.5750901303579452, -0.6539890417348987, 1.087131274649056,
  0.03352221641386413, -0.7628894526106574, -0.6456593096224305, 0.503291223797769,
  0.0, 0.0, 0.0, 1.0]
rgb: frames/00028.ppm
timestamp: 4.081122
