camera: 1
depth_scaling: 65.536
frame: 23
id: '01_0023'
image: frames/00023.pgm
intrinsics: [573.679, 0, 320.0, 0, 573.679, 240.0, 0, 0, 1]
pose: [-0.7751613990929855, 0.33026874598887906, -0.5385604522977329, 0.8229451271087054,
  0.6204435526575665, 0.5586227717624821, -0.5504456347670128, 1.044584990404827,
  0.11905714309466173, -0.7608305687150954, -0.6379359234177066, 0.4985803480658044,
  0.0, 0.0, 0.0, 1.0]
rgb: frames/00023.ppm
timestamp: 3.319258
