camera: 1
depth_scaling: 65.536
frame: 111
id: '01_0111'
image: frames/00111.pgm
intrinsics: [573.679, 0, 320.0, 0, 573.679, 240.0, 0, 0, 1]
pose: [-0.9955369114794653, 0.08346525776948359, -0.044043258591994705, 0.3537859546150539,
  0.09024142700532345, 0.7053501219978688, -0.7030915233805872, 0.988758455381975,
  -0.027617797413452494, -0.7039280901790078, -0.7097341059319076, 0.5844067530985259,
  0.0, 0.0, 0.0, 1.0]
rgb: frames/00111.ppm
timestamp: 18.091677
