camera: 1
depth_scaling: 65.536
frame: 331
id: '01_0331'
image: frames/00331.pgm
intrinsics: [573.679, 0, 320.0, 0, 573.679, 240.0, 0, 0, 1]
pose: [-0.9653901282245534, -0.06601056159032928, -0.25231826347910236, 0.526555495964609,
  0.21365355753336127, 0.35468563581199747, -0.9102473603927551, 1.216051982240242,
  0.1495796031547051, -0.9326525105885731, -0.32830662011740264, 0.34917652944718447,
  0.0, 0.0, 0.0, 1.0]
rgb: frames/00331.ppm
timestamp: 60.29821
