camera: 1
depth_scaling: 65.536
frame: 323
id: '01_0323'
image: frames/00323.pgm
intrinsics: [573.679, 0, 320.0, 0, 573.679, 240.0, 0, 0, 1]
pose: [-0.9650099307242519, -0.08426896139848972, -0.24830339455672862, 0.5102845118753931,
  0.20775903148500627, 0.3320053561814708, -0.9201133779612307, 1.1550571013105488,
  0.159975055680524, -0.9395058198923703, -0.3028808279643641, 0.33066685537286117,
  0.0, 0.0, 0.0, 1.0]
rgb: frames/00323.ppm
timestamp: 58.656075
