camera: 1
depth_scaling: 65.536
frame: 47
id: '01_0047'
image: frames/00047.pgm
intrinsics: [573.679, 0, 320.0, 0, 573.679, 240.0, 0, 0, 1]
pose: [-0.7722461417239682, 0.0918769568310192, -0.6286449883645902, 1.1444539373977043,
  0.6007582922391873, 0.42752993269414197, -0.6755054633061065, 0.878628906388016,
  0.20670116327273008, -0.8993201773862375, -0.3853541846764957, 0.4225278533264434,
  0.0, 0.0, 0.0, 1.0]
rgb: frames/00047.ppm
timestamp: 5.366911
