camera: 1
depth_scaling: 65.536
frame: 11
id: '01_0011'
image: frames/00011.pgm
intrinsics: [573.679, 0, 320.0, 0, 573.679, 240.0, 0, 0, 1]
pose: [-0.9748367765431307, -0.09809860917529595, -0.20017472861695335, 0.7376809055453275,
  0.14742217308700542, 0.3898653554578294, -0.9089948885973153, 1.1070666224768675,
  0.16721232604477276, -0.9156318405842014, -0.3655931762589174, 0.42875269889077144,
  0.0, 0.0, 0.0, 1.0]
rgb: frames/00011.ppm
timestamp: 1.246286
