camera: 1
depth_scaling: 65.536
frame: 63
id: '01_0063'
image: frames/00063.pgm
intrinsics: [573.679, 0, 320.0, 0, 573.679, 240.0, 0, 0, 1]
pose: [-0.45562433637800875, 0.2528930697414773, -0.8534937371632154, 1.2822846882130592,
  0.8586360747070167, 0.3778004035131088, -0.34642596080123533, 0.56803829614483,
  0.23484155363100878, -0.890680610759022, -0.389278170857434, 0.4020218900789326,
  0.0, 0.0, 0.0, 1.0]
rgb: frames/00063.ppm
timestamp: 7.377085
