camera: 1
depth_scaling: 65.536
frame: 29
id: 01_0029
image: frames/00029.pgm
intrinsics: [573.679, 0, 320.0, 0, 573.679, 240.0, 0, 0, 1]
pose: [-0.9260068684799136, 0.008638953523797708, -0.3774078006745989, 0.91441898869051,
  0.3469696141231956, 0.41337793873776524, -0.8418614889874209, 1.1182631134429997,
  0.1487392564295816, -0.9105185600782281, -0.38578826491982, 0.43686310591569294,
  0.0, 0.0, 0.0, 1.0]
rgb: frames/00029.ppm
timestamp: 3.246275
