camera: 1
depth_scaling: 65.536
frame: 82
id: 01_0082
image: frames/00082.pgm
intrinsics: [573.679, 0, 320.0, 0, 573.679, 240.0, 0, 0, 1]
pose: [-0.03672690120299491, 0.4011917142865371, -0.9152575283032938, 1.3610264233074882,
  0.9787756230538004, 0.19922199742885036, 0.04805075916261503, 0.2703305305262601,
  0.2016169993915939, -0.8940670020352437, -0.3999934767318605, 0.37944219503340343,
  0.0, 0.0, 0.0, 1.0]
rgb: frames/00082.ppm
timestamp: 9.924738
