camera: 1
depth_scaling: 65.536
frame: 15
id: '01_0015'
image: frames/00015.pgm
intrinsics: [573.679, 0, 320.0, 0, 573.679, 240.0, 0, 0, 1]
pose: [-0.9746910628462989, 0.08041921570892395, -0.20859070389716236, 0.5002734619642633,
  0.22352157914423565, 0.3669665157204942, -0.9029804427543421, 1.1253986300625736,
  0.003928824814025893, -0.9267514910075526, -0.37565441332541116, 0.5451658005301613,
  0.0, 0.0, 0.0, 1.0]
rgb: frames/00015.ppm
timestamp: 1.66665
