camera: 1
depth_scaling: 65.536
frame: 7
id: '01_0007'
image: frames/00007.pgm
intrinsics: [573.679, 0, 320.0, 0, 573.679, 240.0, 0, 0, 1]
pose: [-0.98421130519569, 0.09209003278599323, -0.15115400287941785, 0.5143662324356529,
  0.17655525689896576, 0.4504662242281724, -0.8751619404949889, 1.0771984101434025,
  -0.012503918839171315, -0.8880313095218482, -0.459612929890549, 0.5306670978191821,
  0.0, 0.0, 0.0, 1.0]
rgb: frames/00007.ppm
timestamp: 0.767389
