camera: 1
depth_scaling: 65.536
frame: 36
id: '01_0036'
image: frames/00036.pgm
intrinsics: [573.679, 0, 320.0, 0, 573.679, 240.0, 0, 0, 1]
pose: [-0.9660772340758365, 0.06542226466843173, -0.2498293519305429, 0.5228309427242315,
  0.25054573750234904, 0.47200454411664755, -0.845244665024654, 1.2113835329857106,
  0.0626227691801106, -0.8791653073335464, -0.4723841140018632, 0.5446584245738353,
  0.0, 0.0, 0.0, 1.0]
rgb: frames/00036.ppm
timestamp: 4.000242
