camera: 1
depth_scaling: 65.536
frame: 581
id: 01_0581
image: frames/00581.pgm
intrinsics: [573.679, 0, 320.0, 0, 573.679, 240.0, 0, 0, 1]
pose: [-0.9813550519344963, 0.025985662150558236, -0.19043898604340154, 0.44567381996676436,
  0.1879168934295076, 0.337812815804438, -0.922263380299836, 1.20508487431793, 0.040367105499960206,
  -0.940854530116571, -0.33639745830294443, 0.5149785249838997, 0.0, 0.0, 0.0, 1.0]
rgb: frames/00581.ppm
timestamp: 78.448868
