camera: 1
depth_scaling: 65.536
frame: 570
id: '01_0570'
image: frames/00570.pgm
intrinsics: [573.679, 0, 320.0, 0, 573.679, 240.0, 0, 0, 1]
pose: [-0.9790897823443195, 0.06805152250834855, -0.19170860281492053, 0.4453439400244613,
  0.2033872905249041, 0.34645371265907465, -0.9157529334038094, 1.2095195311899054,
  0.0040997758342976205, -0.9355954335443493, -0.35305010489882244, 0.508198392672151,
  0.0, 0.0, 0.0, 1.0]
rgb: frames/00570.ppm
timestamp: 77.004372
