camera: 1
depth_scaling: 65.536
frame: 70
id: '01_0070'
image: frames/00070.pgm
intrinsics: [573.679, 0, 320.0, 0, 573.679, 240.0, 0, 0, 1]
pose: [-0.9763386916168799, 0.003509278732135107, -0.21621851034224476, 0.819926756047876,
  0.19703234447395435, 0.42646809589543405, -0.8827815236027654, 1.2016669892677159,
  0.08911236997710328, -0.9044957977492782, -0.41706874417889517, 0.5155301813089417,
  0.0, 0.0, 0.0, 1.0]
rgb: frames/00070.ppm
timestamp: 8.854578
