camera: 1
depth_scaling: 65.536
frame: 8
id: 01_0008
image: frames/00008.pgm
intrinsics: [573.679, 0, 320.0, 0, 573.679, 240.0, 0, 0, 1]
pose: [-0.486207751985678, 0.2584354775324095, -0.8347533323453276, 1.544442625396293,
  0.8667900374514236, 0.2637594919599558, -0.4232091225103559, 0.7896259382032681,
  0.11080186317924787, -0.9293234282818986, -0.3522512068998284, 0.5068249013246554,
  0.0, 0.0, 0.0, 1.0]
rgb: frames/00008.ppm
timestamp: 0.980135
