camera: 1
depth_scaling: 65.536
frame: 37
id: '01_0037'
image: frames/00037.pgm
intrinsics: [573.679, 0, 320.0, 0, 573.679, 240.0, 0, 0, 1]
pose: [-0.7856578641702562, 0.16528733922655284, -0.5961726393913407, 1.2726491923355834,
  0.6130479044804926, 0.3375173145439311, -0.7143208867134784, 1.0391472259853378,
  0.08315038953311006, -0.9266942094749807, -0.36650218941505996, 0.5064886792766954,
  0.0, 0.0, 0.0, 1.0]
rgb: frames/00037.ppm
timestamp: 4.612742
