camera: 1
depth_scaling: 65.536
frame: 116
id: '01_0116'
image: frames/00116.pgm
intrinsics: [573.679, 0, 320.0, 0, 573.679, 240.0, 0, 0, 1]
pose: [-0.9412111974635109, -0.2191360922942914, 0.257100865076902, 0.38272875683583063,
  -0.32915340852213587, 0.42361332302261173, -0.8439252254886096, 1.0923806142175354,
  0.07602312429493802, -0.8789374981258498, -0.4708389947324969, 0.49169345570132006,
  0.0, 0.0, 0.0, 1.0]
rgb: frames/00116.ppm
timestamp: 14.950404
