camera: 1
depth_scaling: 65.536
frame: 323
id: '01_0323'
image: frames/00323.pgm
intrinsics: [573.679, 0, 320.0, 0, 573.679, 240.0, 0, 0, 1]
pose: [-0.7433987271710116, 0.22216867428896803, -0.6308719462816542, 1.194160701540104,
  0.6497835318095214, 0.4634899770011218, -0.6024602916447227, 0.9097066114747907,
  0.15855501956628376, -0.8577984153542032, -0.48891940479608015, 0.49713724226579975,
  0.0, 0.0, 0.0, 1.0]
rgb: frames/00323.ppm
timestamp: 45.566216
