camera: 1
depth_scaling: 65.536
frame: 11
id: '01_0011'
image: frames/00011.pgm
intrinsics: [573.679, 0, 320.0, 0, 573.679, 240.0, 0, 0, 1]
pose: [-0.9154497183959497, 0.11852556236163285, -0.38458224628242366, 0.7394927775680995,
  0.38736268588850237, 0.518591941101343, -0.7622417911699584, 1.1141988843329975,
  0.1090961166587592, -0.846766844941156, -0.5206572266264807, 0.5187583815354267,
  0.0, 0.0, 0.0, 1.0]
rgb: frames/00011.ppm
timestamp: 1.249484
