camera: 1
depth_scaling: 65.536
frame: 47
id: '01_0047'
image: frames/00047.pgm
intrinsics: [573.679, 0, 320.0, 0, 573.679, 240.0, 0, 0, 1]
pose: [-0.7118677861249036, 0.04886843824117787, -0.7006112551347546, 1.0387946391124545,
  0.5715660079341436, 0.6200019685636057, -0.5375033558513665, 1.0838095631719822,
  0.40811340783151806, -0.7830769021757202, -0.46929096691394245, 0.5903032329630364,
  0.0, 0.0, 0.0, 1.0]
rgb: frames/00047.ppm
timestamp: 5.637569
