camera: 1
depth_scaling: 65.536
frame: 91
id: 01_0091
image: frames/00091.pgm
intrinsics: [573.679, 0, 320.0, 0, 573.679, 240.0, 0, 0, 1]
pose: [-0.985520701947646, -0.16847062393099152, 0.01914666824596678, 0.2790110256476046,
  -0.11937030386823769, 0.6091933517755044, -0.7839860908886911, 1.1597584769273312,
  0.12041460288114286, -0.7749200662163994, -0.6204830492351487, 0.5898660936511188,
  0.0, 0.0, 0.0, 1.0]
rgb: frames/00091.ppm
timestamp: 11.242784
