camera: 1
depth_scaling: 65.536
frame: 71
id: '01_0071'
image: frames/00071.pgm
intrinsics: [573.679, 0, 320.0, 0, 573.679, 240.0, 0, 0, 1]
pose: [-0.9408791455767015, -0.0023766056949479798, -0.3387340921198021, 0.6503346014955254,
  0.2672912118887063, 0.6090804373661429, -0.7467104049529075, 1.186561520612377,
  0.2080909451800404, -0.7931048937960469, -0.5724358356801562, 0.6162669370839222,
  0.0, 0.0, 0.0, 1.0]
rgb: frames/00071.ppm
timestamp: 8.683013
