camera: 1
depth_scaling: 65.536
frame: 469
id: 01_0469
image: frames/00469.pgm
intrinsics: [573.679, 0, 320.0, 0, 573.679, 240.0, 0, 0, 1]
pose: [-0.9948960911598524, -0.02498117596848065, -0.0977635343166261, 0.4455539134463458,
  0.07574942567635301, 0.455170389667178, -0.88717638656579, 1.2372929020479448, 0.06666177543802004,
  -0.8900538507402017, -0.4509549317592499, 0.5196209668549541, 0.0, 0.0, 0.0, 1.0]
rgb: frames/00469.ppm
timestamp: 64.307625
