camera: 1
depth_scaling: 65.536
frame: 58
id: 01_0058
image: frames/00058.pgm
intrinsics: [573.679, 0, 320.0, 0, 573.679, 240.0, 0, 0, 1]
pose: [-0.9939706797187806, -0.10336271870247019, 0.036584644891255694, 0.26631781910738767,
  -0.07256831051379517, 0.37002386275973415, -0.9261836649917439, 1.2179933230571072,
  0.08219567001100893, -0.9232542929067806, -0.3752937282458127, 0.3930072346571732,
  0.0, 0.0, 0.0, 1.0]
rgb: frames/00058.ppm
timestamp: 6.353959
