camera: 1
depth_scaling: 65.536
frame: 96
id: 01_0096
image: frames/00096.pgm
intrinsics: [573.679, 0, 320.0, 0, 573.679, 240.0, 0, 0, 1]
pose: [-0.9873835836655737, -0.042670329340273094, -0.15248902157769056, 0.38809587496159526,
  0.13597867601991934, 0.2649665687050701, -0.954621661778388, 1.241287410316461,
  0.08113851351607666, -0.9633130127132374, -0.2558213852705583, 0.35635925583448014,
  0.0, 0.0, 0.0, 1.0]
rgb: frames/00096.ppm
timestamp: 10.503352
