camera: 1
depth_scaling: 65.536
frame: 21
id: '01_0021'
image: frames/00021.pgm
intrinsics: [573.679, 0, 320.0, 0, 573.679, 240.0, 0, 0, 1]
pose: [-0.9822356658394197, -0.011235568066274248, -0.1873148653023033, 0.36676543113766225,
  0.1728879282046225, 0.33391325526802573, -0.9266130272327406, 1.2391218389572416,
  0.07295794017175372, -0.9425368427634746, -0.3260390145356172, 0.3904564544436956,
  0.0, 0.0, 0.0, 1.0]
rgb: frames/00021.ppm
timestamp: 2.368817
