camera: 1
depth_scaling: 65.536
frame: 436
id: '01_0436'
image: frames/00436.pgm
intrinsics: [573.679, 0, 320.0, 0, 573.679, 240.0, 0, 0, 1]
pose: [-0.9968250318079854, 0.006530357425955199, -0.07935496451324198, 0.37998096715901947,
  0.06889396801219842, 0.5703907992835264, -0.8184790512067085, 1.0851822525728143,
  0.03991838088578749, -0.8213474846400817, -0.5690297288743956, 0.4443397033780269,
  0.0, 0.0, 0.0, 1.0]
rgb: frames/00436.ppm
timestamp: 48.756729
