camera: 1
depth_scaling: 65.536
frame: 464
id: '01_0464'
image: frames/00464.pgm
intrinsics: [573.679, 0, 320.0, 0, 573.679, 240.0, 0, 0, 1]
pose: [-0.9959824562157119, -0.02919734099908994, -0.08465495962494081, 0.3683585274239433,
  0.05548050910850269, 0.5408600037356746, -0.8392808644715471, 1.132318329047293,
  0.07029125137297562, -0.840605717109769, -0.5370671916462523, 0.44660263146623963,
  0.0, 0.0, 0.0, 1.0]
rgb: frames/00464.ppm
timestamp: 51.993935
