camera: 1
depth_scaling: 65.536
frame: 33
id: '01_0033'
image: frames/00033.pgm
intrinsics: [573.679, 0, 320.0, 0, 573.679, 240.0, 0, 0, 1]
pose: [-0.9933040723837436, -0.003155945284950125, -0.11548618876397901, 0.41325092065665703,
  0.10674582277557493, 0.3572463879903915, -0.927890266997011, 1.3371404757513754,
  0.04418539471178835, -0.9340048491721965, -0.35451740805916204, 0.48190485191978255,
  0.0, 0.0, 0.0, 1.0]
rgb: frames/00033.ppm
timestamp: 3.923535
