camera: 1
depth_scaling: 65.536
frame: 60
id: '01_0060'
image: frames/00060.pgm
intrinsics: [573.679, 0, 320.0, 0, 573.679, 240.0, 0, 0, 1]
pose: [-0.9976382495654909, -0.01696488742523383, -0.0665591135649568, 0.3980519938361299,
  0.05432486334952791, 0.39810066833497043, -0.9157317659081753, 1.3429534204916491,
  0.042032513914335254, -0.9171848507612296, -0.39623883871743604, 0.48730448061053033,
  0.0, 0.0, 0.0, 1.0]
rgb: frames/00060.ppm
timestamp: 7.038592
