camera: 1
depth_scaling: 65.536
frame: 22
id: '01_0022'
image: frames/00022.pgm
intrinsics: [573.679, 0, 320.0, 0, 573.679, 240.0, 0, 0, 1]
pose: [-0.9884343236400055, -0.07160506855382386, -0.13367984892169613, 0.40858343660256646,
  0.09697622101569037, 0.3792589354091866, -0.9201946926981304, 1.3338180515292575,
  0.11658988124121786, -0.9225157852685734, -0.36792856035168864, 0.4728441215494235,
  0.0, 0.0, 0.0, 1.0]
rgb: frames/00022.ppm
timestamp: 2.635435
