camera: 1
depth_scaling: 65.536
frame: 600
id: '01_0600'
image: frames/00600.pgm
intrinsics: [573.679, 0, 320.0, 0, 573.679, 240.0, 0, 0, 1]
pose: [-0.9937278783720082, 0.02006431548765622, -0.1100105767200582, 0.456531703268721,
  0.09728774216994163, 0.64017544166982, -0.7620436333349463, 1.1390701954643307,
  0.0551361856655227, -0.7679666836047403, -0.6381121953883926, 0.5968626406514927,
  0.0, 0.0, 0.0, 1.0]
rgb: frames/00600.ppm
timestamp: 75.581146
