camera: 1
depth_scaling: 65.536
frame: 616
id: '01_0616'
image: frames/00616.pgm
intrinsics: [573.679, 0, 320.0, 0, 573.679, 240.0, 0, 0, 1]
pose: [-0.9922431170543252, -0.03378935658569522, -0.11963225334265884, 0.4518939168325703,
  0.06939490351225469, 0.6478944069343978, -0.7585625780577696, 1.1483963414175271,
  0.10314040927222587, -0.7609803656104734, -0.6405239567186447, 0.5786264742513805,
  0.0, 0.0, 0.0, 1.0]
rgb: frames/00616.ppm
timestamp: 77.65168
