camera: 1
depth_scaling: 65.536
frame: 22
id: '01_0022'
image: frames/00022.pgm
intrinsics: [573.679, 0, 320.0, 0, 573.679, 240.0, 0, 0, 1]
pose: [-0.9294553749670791, -0.04051649710807387, -0.3667030398113681, 0.5890522743715546,
  0.32627798197938845, 0.37367493311537764, -0.868279749180341, 1.3997719390343224,
  0.17220738782138306, -0.9266744076660958, -0.33409453416125556, 0.46147602843951924,
  0.0, 0.0, 0.0, 1.0]
rgb: frames/00022.ppm
timestamp: 4.802126
