camera: 1
depth_scaling: 65.536
frame: 72
id: '01_0072'
image: frames/00072.pgm
intrinsics: [573.679, 0, 320.0, 0, 573.679, 240.0, 0, 0, 1]
pose: [-0.9922158196763438, -0.07883833666182684, -0.09639649296731395, 0.4136688328356325,
  0.03648980791277179, 0.556041356258136, -0.8303532405242373, 1.14630875873746, 0.11906410501276182,
  -0.8274071106795065, -0.54883623431266, 0.5697096778449162, 0.0, 0.0, 0.0, 1.0]
rgb: frames/00072.ppm
timestamp: 15.73782
