camera: 1
depth_scaling: 65.536
frame: 38
id: 01_0038
image: frames/00038.pgm
intrinsics: [573.679, 0, 320.0, 0, 573.679, 240.0, 0, 0, 1]
pose: [-0.9875057049527862, -0.056079315068509536, -0.14726708086720353, 0.4621614474058943,
  0.12222781356195239, 0.3172772775982383, -0.9404230381651201, 1.3361245548938157,
  0.09946277835233275, -0.9466732485611377, -0.3064586696132734, 0.4641554341440737,
  0.0, 0.0, 0.0, 1.0]
rgb: frames/00038.ppm
timestamp: 8.214998
