camera: 1
depth_scaling: 65.536
frame: 364
id: '01_0364'
image: frames/00364.pgm
intrinsics: [573.679, 0, 320.0, 0, 573.679, 240.0, 0, 0, 1]
pose: [-0.9947670000854787, -0.08945070488707278, -0.049367873522596806, 0.32030190509091894,
  0.0050234835101173325, 0.4397891550496315, -0.8980870023077691, 1.1261713869117258,
  0.10204597078944805, -0.8936353118000303, -0.4370383842978808, 0.38971977913988537,
  0.0, 0.0, 0.0, 1.0]
rgb: frames/00364.ppm
timestamp: 81.953728
