camera: 1
depth_scaling: 65.536
frame: 352
id: '01_0352'
image: frames/00352.pgm
intrinsics: [573.679, 0, 320.0, 0, 573.679, 240.0, 0, 0, 1]
pose: [-0.9931155513319389, -0.11697239979341967, -0.00624174568746888, 0.3133327457805782,
  -0.044492240351314605, 0.4259659149674449, -0.9036445539228729, 1.1445301368145966,
  0.10836024294536953, -0.8971457501278799, -0.4282377386175867, 0.4153165764137479,
  0.0, 0.0, 0.0, 1.0]
rgb: frames/00352.ppm
timestamp: 79.16127
